#
#
# US Geological Survey, Water Resources Data
# retrieved: 2014-11-20 15:56:46 EST	(natwebcaas01)
#
# This file contains USGS Monthly Statistics
#
# Note:The statistics generated are based on approved daily-mean data and may not match those published by the USGS in official publications.
# The user is responsible for assessment and use of statistics from this site.
# For more details on why the statistics may not match, visit http://help.waterdata.usgs.gov/faq/about-statistics.
#
# Data heading explanations.
# agency_cd       -- agency code
# site_no         -- Site identification number
# parameter_cd    -- Parameter code
# station_nm      -- Site name
# loc_web_ds      -- Additional measurement description
#
# Data for the following 1 site(s) are contained in this file
# agency_cd   site_no      parameter_cd   station_nm (loc_web_ds)
# USGS        04109000     00060          GRAND RIVER AT JACKSON, MI
#
# Explanation of Parameter Codes
# parameter_cd	Parameter Name
# 00060         Discharge, cubic feet per second
#
# Data heading explanations.
# year_nu     ... Calendar year for value.
# month_nu    ... Month for value.
# mean_va     ... Mean of daily mean values for this month.
# count_nu    ... Number of values used in the calculation.
#
agency_cd	site_no	parameter_cd	dd_nu	loc_web_ds	year_nu	month_nu	mean_va	count_nu
# 5s	15s	5s	3n	15s	4s	2s	12n	8n
USGS	04109000	00060	1		1935	4	64.3	30
USGS	04109000	00060	1		1935	5	111.5	31
USGS	04109000	00060	1		1935	6	84.8	30
USGS	04109000	00060	1		1935	7	33.3	31
USGS	04109000	00060	1		1935	8	52.7	31
USGS	04109000	00060	1		1935	9	29.8	30
USGS	04109000	00060	1		1935	10	26.4	31
USGS	04109000	00060	1		1935	11	105.5	30
USGS	04109000	00060	1		1935	12	70.6	31
USGS	04109000	00060	1		1936	1	53.0	31
USGS	04109000	00060	1		1936	2	59.3	29
USGS	04109000	00060	1		1936	3	240.4	31
USGS	04109000	00060	1		1936	4	144.6	30
USGS	04109000	00060	1		1936	5	54.7	31
USGS	04109000	00060	1		1936	6	34.3	30
USGS	04109000	00060	1		1936	7	19.5	31
USGS	04109000	00060	1		1936	8	15.1	31
USGS	04109000	00060	1		1936	9	25.4	30
USGS	04109000	00060	1		1936	10	52.4	31
USGS	04109000	00060	1		1936	11	70.7	30
USGS	04109000	00060	1		1936	12	46.6	31
USGS	04109000	00060	1		1937	1	89.4	31
USGS	04109000	00060	1		1937	2	93.7	28
USGS	04109000	00060	1		1937	3	79.3	31
USGS	04109000	00060	1		1937	4	215.1	30
USGS	04109000	00060	1		1937	5	169.5	31
USGS	04109000	00060	1		1937	6	302.7	30
USGS	04109000	00060	1		1937	7	204.3	31
USGS	04109000	00060	1		1937	8	79.1	31
USGS	04109000	00060	1		1937	9	61.7	30
USGS	04109000	00060	1		1937	10	50.9	31
USGS	04109000	00060	1		1937	11	61.7	30
USGS	04109000	00060	1		1937	12	83.4	31
USGS	04109000	00060	1		1938	1	107.4	31
USGS	04109000	00060	1		1938	2	274.2	28
USGS	04109000	00060	1		1938	3	219.0	31
USGS	04109000	00060	1		1938	4	187.6	30
USGS	04109000	00060	1		1938	5	154.8	31
USGS	04109000	00060	1		1938	6	167.4	30
USGS	04109000	00060	1		1938	7	76.9	31
USGS	04109000	00060	1		1938	8	86.1	31
USGS	04109000	00060	1		1938	9	51.4	30
USGS	04109000	00060	1		1938	10	43.7	31
USGS	04109000	00060	1		1938	11	42.3	30
USGS	04109000	00060	1		1938	12	58.5	31
USGS	04109000	00060	1		1939	1	92.6	31
USGS	04109000	00060	1		1939	2	191.7	28
USGS	04109000	00060	1		1939	3	249.6	31
USGS	04109000	00060	1		1939	4	301.9	30
USGS	04109000	00060	1		1939	5	102.5	31
USGS	04109000	00060	1		1939	6	88.5	30
USGS	04109000	00060	1		1939	7	47.0	31
USGS	04109000	00060	1		1939	8	37.5	31
USGS	04109000	00060	1		1939	9	32.7	30
USGS	04109000	00060	1		1939	10	33.8	31
USGS	04109000	00060	1		1939	11	37.0	30
USGS	04109000	00060	1		1939	12	37.3	31
USGS	04109000	00060	1		1940	1	38.9	31
USGS	04109000	00060	1		1940	2	67.8	29
USGS	04109000	00060	1		1940	3	119.5	31
USGS	04109000	00060	1		1940	4	200.3	30
USGS	04109000	00060	1		1940	5	78.4	31
USGS	04109000	00060	1		1940	6	216.7	30
USGS	04109000	00060	1		1940	7	60.0	31
USGS	04109000	00060	1		1940	8	52.4	31
USGS	04109000	00060	1		1940	9	51.2	30
USGS	04109000	00060	1		1940	10	46.8	31
USGS	04109000	00060	1		1940	11	73.4	30
USGS	04109000	00060	1		1940	12	118.5	31
USGS	04109000	00060	1		1941	1	151.3	31
USGS	04109000	00060	1		1941	2	56.4	28
USGS	04109000	00060	1		1941	3	106.3	31
USGS	04109000	00060	1		1941	4	151.8	30
USGS	04109000	00060	1		1941	5	67.0	31
USGS	04109000	00060	1		1941	6	95.8	30
USGS	04109000	00060	1		1941	7	34.1	31
USGS	04109000	00060	1		1941	8	20.8	31
USGS	04109000	00060	1		1941	9	27.5	30
USGS	04109000	00060	1		1941	10	42.6	31
USGS	04109000	00060	1		1941	11	105.7	30
USGS	04109000	00060	1		1941	12	80.9	31
USGS	04109000	00060	1		1942	1	63.6	31
USGS	04109000	00060	1		1942	2	128.1	28
USGS	04109000	00060	1		1942	3	289.6	31
USGS	04109000	00060	1		1942	4	200.1	30
USGS	04109000	00060	1		1942	5	89.7	31
USGS	04109000	00060	1		1942	6	120.4	30
USGS	04109000	00060	1		1942	7	47.1	31
USGS	04109000	00060	1		1942	8	67.2	31
USGS	04109000	00060	1		1942	9	44.1	30
USGS	04109000	00060	1		1942	10	92.9	31
USGS	04109000	00060	1		1942	11	133.5	30
USGS	04109000	00060	1		1942	12	130.3	31
USGS	04109000	00060	1		1943	1	209.4	31
USGS	04109000	00060	1		1943	2	214.9	28
USGS	04109000	00060	1		1943	3	248.8	31
USGS	04109000	00060	1		1943	4	156.9	30
USGS	04109000	00060	1		1943	5	483.6	31
USGS	04109000	00060	1		1943	6	433.3	30
USGS	04109000	00060	1		1943	7	160.9	31
USGS	04109000	00060	1		1943	8	74.6	31
USGS	04109000	00060	1		1943	9	95.9	30
USGS	04109000	00060	1		1943	10	74.4	31
USGS	04109000	00060	1		1943	11	148.8	30
USGS	04109000	00060	1		1943	12	76.1	31
USGS	04109000	00060	1		1944	1	67.5	31
USGS	04109000	00060	1		1944	2	138.7	29
USGS	04109000	00060	1		1944	3	229.5	31
USGS	04109000	00060	1		1944	4	271.0	30
USGS	04109000	00060	1		1944	5	187.4	31
USGS	04109000	00060	1		1944	6	165.3	30
USGS	04109000	00060	1		1944	7	82.6	31
USGS	04109000	00060	1		1944	8	49.0	31
USGS	04109000	00060	1		1944	9	47.3	30
USGS	04109000	00060	1		1944	10	43.8	31
USGS	04109000	00060	1		1944	11	51.0	30
USGS	04109000	00060	1		1944	12	50.8	31
USGS	04109000	00060	1		1945	1	72.5	31
USGS	04109000	00060	1		1945	2	92.8	28
USGS	04109000	00060	1		1945	3	154.8	31
USGS	04109000	00060	1		1945	4	196.1	30
USGS	04109000	00060	1		1945	5	314.5	31
USGS	04109000	00060	1		1945	6	187.2	30
USGS	04109000	00060	1		1945	7	118.5	31
USGS	04109000	00060	1		1945	8	63.8	31
USGS	04109000	00060	1		1945	9	66.6	30
USGS	04109000	00060	1		1945	10	120.0	31
USGS	04109000	00060	1		1945	11	63.9	30
USGS	04109000	00060	1		1945	12	94.4	31
USGS	04109000	00060	1		1946	1	138.5	31
USGS	04109000	00060	1		1946	2	106.8	28
USGS	04109000	00060	1		1946	3	217.0	31
USGS	04109000	00060	1		1946	4	72.2	30
USGS	04109000	00060	1		1946	5	88.3	31
USGS	04109000	00060	1		1946	6	49.4	30
USGS	04109000	00060	1		1946	7	32.8	31
USGS	04109000	00060	1		1946	8	26.7	31
USGS	04109000	00060	1		1946	9	27.4	30
USGS	04109000	00060	1		1946	10	33.5	31
USGS	04109000	00060	1		1946	11	43.9	30
USGS	04109000	00060	1		1946	12	47.4	31
USGS	04109000	00060	1		1947	1	93.8	31
USGS	04109000	00060	1		1947	2	71.9	28
USGS	04109000	00060	1		1947	3	139.3	31
USGS	04109000	00060	1		1947	4	496.7	30
USGS	04109000	00060	1		1947	5	369.4	31
USGS	04109000	00060	1		1947	6	265.5	30
USGS	04109000	00060	1		1947	7	88.4	31
USGS	04109000	00060	1		1947	8	58.7	31
USGS	04109000	00060	1		1947	9	77.6	30
USGS	04109000	00060	1		1947	10	60.1	31
USGS	04109000	00060	1		1947	11	97.7	30
USGS	04109000	00060	1		1947	12	130.5	31
USGS	04109000	00060	1		1948	1	68.2	31
USGS	04109000	00060	1		1948	2	121.7	29
USGS	04109000	00060	1		1948	3	367.8	31
USGS	04109000	00060	1		1948	4	241.4	30
USGS	04109000	00060	1		1948	5	286.8	31
USGS	04109000	00060	1		1948	6	99.6	30
USGS	04109000	00060	1		1948	7	80.7	31
USGS	04109000	00060	1		1948	8	56.1	31
USGS	04109000	00060	1		1948	9	42.7	30
USGS	04109000	00060	1		1948	10	42.2	31
USGS	04109000	00060	1		1948	11	109.4	30
USGS	04109000	00060	1		1948	12	96.3	31
USGS	04109000	00060	1		1949	1	186.4	31
USGS	04109000	00060	1		1949	2	260.6	28
USGS	04109000	00060	1		1949	3	170.3	31
USGS	04109000	00060	1		1949	4	269.6	30
USGS	04109000	00060	1		1949	5	90.9	31
USGS	04109000	00060	1		1949	6	111.7	30
USGS	04109000	00060	1		1949	7	58.5	31
USGS	04109000	00060	1		1949	8	41.5	31
USGS	04109000	00060	1		1949	9	44.1	30
USGS	04109000	00060	1		1949	10	51.5	31
USGS	04109000	00060	1		1949	11	50.9	30
USGS	04109000	00060	1		1949	12	159.5	31
USGS	04109000	00060	1		1950	1	246.0	31
USGS	04109000	00060	1		1950	2	256.4	28
USGS	04109000	00060	1		1950	3	382.7	31
USGS	04109000	00060	1		1950	4	589.3	30
USGS	04109000	00060	1		1950	5	235.2	31
USGS	04109000	00060	1		1950	6	145.2	30
USGS	04109000	00060	1		1950	7	97.8	31
USGS	04109000	00060	1		1950	8	50.6	31
USGS	04109000	00060	1		1950	9	83.0	30
USGS	04109000	00060	1		1950	10	79.4	31
USGS	04109000	00060	1		1950	11	130.0	30
USGS	04109000	00060	1		1950	12	185.3	31
USGS	04109000	00060	1		1951	1	202.2	31
USGS	04109000	00060	1		1951	2	252.0	28
USGS	04109000	00060	1		1951	3	278.4	31
USGS	04109000	00060	1		1951	4	277.6	30
USGS	04109000	00060	1		1951	5	263.3	31
USGS	04109000	00060	1		1951	6	105.7	30
USGS	04109000	00060	1		1951	7	170.0	31
USGS	04109000	00060	1		1951	8	81.3	31
USGS	04109000	00060	1		1951	9	56.4	30
USGS	04109000	00060	1		1951	10	122.1	31
USGS	04109000	00060	1		1951	11	149.8	30
USGS	04109000	00060	1		1951	12	115.7	31
USGS	04109000	00060	1		1952	1	286.4	31
USGS	04109000	00060	1		1952	2	219.6	29
USGS	04109000	00060	1		1952	3	271.3	31
USGS	04109000	00060	1		1952	4	297.5	30
USGS	04109000	00060	1		1952	5	203.3	31
USGS	04109000	00060	1		1952	6	98.1	30
USGS	04109000	00060	1		1952	7	61.7	31
USGS	04109000	00060	1		1952	8	48.1	31
USGS	04109000	00060	1		1952	9	46.5	30
USGS	04109000	00060	1		1952	10	44.9	31
USGS	04109000	00060	1		1952	11	58.7	30
USGS	04109000	00060	1		1952	12	98.4	31
USGS	04109000	00060	1		1953	1	93.7	31
USGS	04109000	00060	1		1953	2	93.0	28
USGS	04109000	00060	1		1953	3	160.4	31
USGS	04109000	00060	1		1953	4	118.1	30
USGS	04109000	00060	1		1953	5	108.0	31
USGS	04109000	00060	1		1953	6	59.4	30
USGS	04109000	00060	1		1953	7	36.4	31
USGS	04109000	00060	1		1953	8	33.0	31
USGS	04109000	00060	1		1953	9	29.1	30
USGS	04109000	00060	1		1953	10	26.3	31
USGS	04109000	00060	1		1953	11	32.8	30
USGS	04109000	00060	1		1953	12	36.3	31
USGS	04109000	00060	1		1954	1	42.8	31
USGS	04109000	00060	1		1954	2	131.1	28
USGS	04109000	00060	1		1954	3	188.9	31
USGS	04109000	00060	1		1954	4	244.7	30
USGS	04109000	00060	1		1954	5	89.6	31
USGS	04109000	00060	1		1954	6	101.7	30
USGS	04109000	00060	1		1954	7	52.5	31
USGS	04109000	00060	1		1954	8	36.7	31
USGS	04109000	00060	1		1954	9	39.6	30
USGS	04109000	00060	1		1954	10	188.2	31
USGS	04109000	00060	1		1954	11	116.1	30
USGS	04109000	00060	1		1954	12	112.1	31
USGS	04109000	00060	1		1955	1	166.6	31
USGS	04109000	00060	1		1955	2	103.3	28
USGS	04109000	00060	1		1955	3	247.2	31
USGS	04109000	00060	1		1955	4	160.0	30
USGS	04109000	00060	1		1955	5	81.5	31
USGS	04109000	00060	1		1955	6	102.1	30
USGS	04109000	00060	1		1955	7	57.3	31
USGS	04109000	00060	1		1955	8	48.5	31
USGS	04109000	00060	1		1955	9	32.9	30
USGS	04109000	00060	1		1955	10	80.0	31
USGS	04109000	00060	1		1955	11	131.4	30
USGS	04109000	00060	1		1955	12	84.9	31
USGS	04109000	00060	1		1956	1	48.5	31
USGS	04109000	00060	1		1956	2	108.9	29
USGS	04109000	00060	1		1956	3	221.1	31
USGS	04109000	00060	1		1956	4	203.9	30
USGS	04109000	00060	1		1956	5	376.3	31
USGS	04109000	00060	1		1956	6	125.9	30
USGS	04109000	00060	1		1956	7	95.6	31
USGS	04109000	00060	1		1956	8	73.4	31
USGS	04109000	00060	1		1956	9	43.7	30
USGS	04109000	00060	1		1956	10	36.8	31
USGS	04109000	00060	1		1956	11	54.9	30
USGS	04109000	00060	1		1956	12	100.1	31
USGS	04109000	00060	1		1957	1	89.7	31
USGS	04109000	00060	1		1957	2	121.6	28
USGS	04109000	00060	1		1957	3	140.9	31
USGS	04109000	00060	1		1957	4	147.0	30
USGS	04109000	00060	1		1957	5	113.3	31
USGS	04109000	00060	1		1957	6	79.4	30
USGS	04109000	00060	1		1957	7	59.7	31
USGS	04109000	00060	1		1957	8	51.0	31
USGS	04109000	00060	1		1957	9	54.1	30
USGS	04109000	00060	1		1957	10	75.9	31
USGS	04109000	00060	1		1957	11	120.5	30
USGS	04109000	00060	1		1957	12	162.6	31
USGS	04109000	00060	1		1958	1	88.7	31
USGS	04109000	00060	1		1958	2	67.5	28
USGS	04109000	00060	1		1958	3	131.5	31
USGS	04109000	00060	1		1958	4	114.9	30
USGS	04109000	00060	1		1958	5	67.2	31
USGS	04109000	00060	1		1958	6	47.6	30
USGS	04109000	00060	1		1958	7	42.0	31
USGS	04109000	00060	1		1958	8	39.5	31
USGS	04109000	00060	1		1958	9	40.0	30
USGS	04109000	00060	1		1958	10	54.7	31
USGS	04109000	00060	1		1958	11	71.0	30
USGS	04109000	00060	1		1958	12	65.8	31
USGS	04109000	00060	1		1959	1	68.6	31
USGS	04109000	00060	1		1959	2	149.5	28
USGS	04109000	00060	1		1959	3	294.7	31
USGS	04109000	00060	1		1959	4	247.0	30
USGS	04109000	00060	1		1959	5	131.3	31
USGS	04109000	00060	1		1959	6	56.8	30
USGS	04109000	00060	1		1959	7	46.5	31
USGS	04109000	00060	1		1959	8	49.7	31
USGS	04109000	00060	1		1959	9	38.2	30
USGS	04109000	00060	1		1959	10	54.5	31
USGS	04109000	00060	1		1959	11	96.7	30
USGS	04109000	00060	1		1959	12	98.2	31
USGS	04109000	00060	1		1960	1	174.5	31
USGS	04109000	00060	1		1960	2	164.3	29
USGS	04109000	00060	1		1960	3	124.1	31
USGS	04109000	00060	1		1960	4	234.0	30
USGS	04109000	00060	1		1960	5	117.1	31
USGS	04109000	00060	1		1960	6	201.1	30
USGS	04109000	00060	1		1960	7	123.5	31
USGS	04109000	00060	1		1960	8	69.0	31
USGS	04109000	00060	1		1960	9	46.5	30
USGS	04109000	00060	1		1960	10	57.5	31
USGS	04109000	00060	1		1960	11	80.1	30
USGS	04109000	00060	1		1960	12	48.5	31
USGS	04109000	00060	1		1961	1	43.7	31
USGS	04109000	00060	1		1961	2	72.8	28
USGS	04109000	00060	1		1961	3	172.7	31
USGS	04109000	00060	1		1961	4	218.4	30
USGS	04109000	00060	1		1961	5	180.1	31
USGS	04109000	00060	1		1961	6	93.2	30
USGS	04109000	00060	1		1961	7	55.8	31
USGS	04109000	00060	1		1961	8	67.5	31
USGS	04109000	00060	1		1961	9	108.6	30
USGS	04109000	00060	1		1961	10	74.0	31
USGS	04109000	00060	1		1961	11	94.9	30
USGS	04109000	00060	1		1961	12	66.4	31
USGS	04109000	00060	1		1962	1	66.8	31
USGS	04109000	00060	1		1962	2	66.6	28
USGS	04109000	00060	1		1962	3	266.8	31
USGS	04109000	00060	1		1962	4	154.6	30
USGS	04109000	00060	1		1962	5	97.5	31
USGS	04109000	00060	1		1962	6	51.6	30
USGS	04109000	00060	1		1962	7	62.0	31
USGS	04109000	00060	1		1962	8	49.8	31
USGS	04109000	00060	1		1962	9	46.9	30
USGS	04109000	00060	1		1962	10	51.5	31
USGS	04109000	00060	1		1962	11	54.5	30
USGS	04109000	00060	1		1962	12	48.1	31
USGS	04109000	00060	1		1963	1	36.4	31
USGS	04109000	00060	1		1963	2	37.4	28
USGS	04109000	00060	1		1963	3	161.1	31
USGS	04109000	00060	1		1963	4	108.7	30
USGS	04109000	00060	1		1963	5	94.5	31
USGS	04109000	00060	1		1963	6	48.0	30
USGS	04109000	00060	1		1963	7	36.5	31
USGS	04109000	00060	1		1963	8	30.6	31
USGS	04109000	00060	1		1963	9	25.2	30
USGS	04109000	00060	1		1963	10	23.4	31
USGS	04109000	00060	1		1963	11	25.5	30
USGS	04109000	00060	1		1963	12	27.7	31
USGS	04109000	00060	1		1964	1	27.2	31
USGS	04109000	00060	1		1964	2	31.5	29
USGS	04109000	00060	1		1964	3	73.2	31
USGS	04109000	00060	1		1964	4	108.0	30
USGS	04109000	00060	1		1964	5	73.9	31
USGS	04109000	00060	1		1964	6	47.4	30
USGS	04109000	00060	1		1964	7	36.8	31
USGS	04109000	00060	1		1964	8	30.3	31
USGS	04109000	00060	1		1964	9	26.7	30
USGS	04109000	00060	1		1964	10	24.9	31
USGS	04109000	00060	1		1964	11	27.3	30
USGS	04109000	00060	1		1964	12	42.6	31
USGS	04109000	00060	1		1965	1	84.0	31
USGS	04109000	00060	1		1965	2	106.8	28
USGS	04109000	00060	1		1965	3	165.8	31
USGS	04109000	00060	1		1965	4	201.5	30
USGS	04109000	00060	1		1965	5	81.3	31
USGS	04109000	00060	1		1965	6	50.2	30
USGS	04109000	00060	1		1965	7	36.3	31
USGS	04109000	00060	1		1965	8	36.4	31
USGS	04109000	00060	1		1965	9	43.0	30
USGS	04109000	00060	1		1965	10	42.2	31
USGS	04109000	00060	1		1965	11	70.7	30
USGS	04109000	00060	1		1965	12	103.6	31
USGS	04109000	00060	1		1966	1	90.9	31
USGS	04109000	00060	1		1966	2	90.4	28
USGS	04109000	00060	1		1966	3	137.1	31
USGS	04109000	00060	1		1966	4	123.3	30
USGS	04109000	00060	1		1966	5	165.3	31
USGS	04109000	00060	1		1966	6	69.5	30
USGS	04109000	00060	1		1966	7	47.7	31
USGS	04109000	00060	1		1966	8	43.6	31
USGS	04109000	00060	1		1966	9	33.3	30
USGS	04109000	00060	1		1966	10	33.7	31
USGS	04109000	00060	1		1966	11	55.0	30
USGS	04109000	00060	1		1966	12	108.3	31
USGS	04109000	00060	1		1967	1	101.2	31
USGS	04109000	00060	1		1967	2	137.0	28
USGS	04109000	00060	1		1967	3	172.6	31
USGS	04109000	00060	1		1967	4	237.4	30
USGS	04109000	00060	1		1967	5	113.6	31
USGS	04109000	00060	1		1967	6	81.0	30
USGS	04109000	00060	1		1967	7	47.7	31
USGS	04109000	00060	1		1967	8	33.7	31
USGS	04109000	00060	1		1967	9	37.8	30
USGS	04109000	00060	1		1967	10	71.8	31
USGS	04109000	00060	1		1967	11	122.4	30
USGS	04109000	00060	1		1967	12	157.9	31
USGS	04109000	00060	1		1968	1	88.3	31
USGS	04109000	00060	1		1968	2	226.1	29
USGS	04109000	00060	1		1968	3	162.7	31
USGS	04109000	00060	1		1968	4	199.8	30
USGS	04109000	00060	1		1968	5	156.6	31
USGS	04109000	00060	1		1968	6	273.4	30
USGS	04109000	00060	1		1968	7	348.9	31
USGS	04109000	00060	1		1968	8	163.6	31
USGS	04109000	00060	1		1968	9	106.3	30
USGS	04109000	00060	1		1968	10	93.1	31
USGS	04109000	00060	1		1968	11	153.1	30
USGS	04109000	00060	1		1968	12	201.0	31
USGS	04109000	00060	1		1969	1	219.5	31
USGS	04109000	00060	1		1969	2	223.0	28
USGS	04109000	00060	1		1969	3	177.5	31
USGS	04109000	00060	1		1969	4	315.1	30
USGS	04109000	00060	1		1969	5	258.5	31
USGS	04109000	00060	1		1969	6	269.4	30
USGS	04109000	00060	1		1969	7	186.7	31
USGS	04109000	00060	1		1969	8	79.2	31
USGS	04109000	00060	1		1969	9	46.8	30
USGS	04109000	00060	1		1969	10	81.2	31
USGS	04109000	00060	1		1969	11	114.6	30
USGS	04109000	00060	1		1969	12	71.0	31
USGS	04109000	00060	1		1970	1	70.3	31
USGS	04109000	00060	1		1970	2	90.8	28
USGS	04109000	00060	1		1970	3	160.5	31
USGS	04109000	00060	1		1970	4	269.9	30
USGS	04109000	00060	1		1970	5	167.0	31
USGS	04109000	00060	1		1970	6	112.0	30
USGS	04109000	00060	1		1970	7	145.0	31
USGS	04109000	00060	1		1970	8	68.8	31
USGS	04109000	00060	1		1970	9	73.9	30
USGS	04109000	00060	1		1970	10	97.9	31
USGS	04109000	00060	1		1970	11	131.8	30
USGS	04109000	00060	1		1970	12	143.6	31
USGS	04109000	00060	1		1971	1	75.2	31
USGS	04109000	00060	1		1971	2	264.4	28
USGS	04109000	00060	1		1971	3	287.9	31
USGS	04109000	00060	1		1971	4	145.1	30
USGS	04109000	00060	1		1971	5	80.1	31
USGS	04109000	00060	1		1971	6	58.5	30
USGS	04109000	00060	1		1971	7	49.9	31
USGS	04109000	00060	1		1971	8	36.1	31
USGS	04109000	00060	1		1971	9	38.2	30
USGS	04109000	00060	1		1971	10	53.5	31
USGS	04109000	00060	1		1971	11	51.3	30
USGS	04109000	00060	1		1971	12	117.3	31
USGS	04109000	00060	1		1972	1	118.6	31
USGS	04109000	00060	1		1972	2	72.7	29
USGS	04109000	00060	1		1972	3	169.7	31
USGS	04109000	00060	1		1972	4	213.4	30
USGS	04109000	00060	1		1972	5	178.3	31
USGS	04109000	00060	1		1972	6	76.2	30
USGS	04109000	00060	1		1972	7	58.5	31
USGS	04109000	00060	1		1972	8	58.3	31
USGS	04109000	00060	1		1972	9	86.6	30
USGS	04109000	00060	1		1972	10	86.2	31
USGS	04109000	00060	1		1972	11	154.1	30
USGS	04109000	00060	1		1972	12	156.3	31
USGS	04109000	00060	1		1973	1	206.3	31
USGS	04109000	00060	1		1973	2	136.6	28
USGS	04109000	00060	1		1973	3	291.8	31
USGS	04109000	00060	1		1973	4	245.4	30
USGS	04109000	00060	1		1973	5	190.5	31
USGS	04109000	00060	1		1973	6	201.6	30
USGS	04109000	00060	1		1973	7	136.2	31
USGS	04109000	00060	1		1973	8	163.6	31
USGS	04109000	00060	1		1973	9	72.7	30
USGS	04109000	00060	1		1973	10	91.4	31
USGS	04109000	00060	1		1973	11	125.8	30
USGS	04109000	00060	1		1973	12	161.9	31
USGS	04109000	00060	1		1974	1	239.4	31
USGS	04109000	00060	1		1974	2	258.7	28
USGS	04109000	00060	1		1974	3	466.0	31
USGS	04109000	00060	1		1974	4	349.4	30
USGS	04109000	00060	1		1974	5	275.9	31
USGS	04109000	00060	1		1974	6	148.2	30
USGS	04109000	00060	1		1974	7	61.7	31
USGS	04109000	00060	1		1974	8	54.7	31
USGS	04109000	00060	1		1974	9	49.9	30
USGS	04109000	00060	1		1974	10	62.6	31
USGS	04109000	00060	1		1974	11	96.0	30
USGS	04109000	00060	1		1974	12	102.5	31
USGS	04109000	00060	1		1975	1	152.5	31
USGS	04109000	00060	1		1975	2	156.4	28
USGS	04109000	00060	1		1975	3	214.7	31
USGS	04109000	00060	1		1975	4	249.6	30
USGS	04109000	00060	1		1975	5	164.8	31
USGS	04109000	00060	1		1975	6	133.0	30
USGS	04109000	00060	1		1975	7	78.8	31
USGS	04109000	00060	1		1975	8	90.9	31
USGS	04109000	00060	1		1975	9	221.6	30
USGS	04109000	00060	1		1975	10	97.9	31
USGS	04109000	00060	1		1975	11	122.1	30
USGS	04109000	00060	1		1975	12	209.5	31
USGS	04109000	00060	1		1976	1	126.7	31
USGS	04109000	00060	1		1976	2	301.0	29
USGS	04109000	00060	1		1976	3	501.1	31
USGS	04109000	00060	1		1976	4	239.9	30
USGS	04109000	00060	1		1976	5	285.7	31
USGS	04109000	00060	1		1976	6	121.4	30
USGS	04109000	00060	1		1976	7	123.8	31
USGS	04109000	00060	1		1976	8	48.9	31
USGS	04109000	00060	1		1976	9	50.1	30
USGS	04109000	00060	1		1976	10	72.0	31
USGS	04109000	00060	1		1976	11	80.9	30
USGS	04109000	00060	1		1976	12	65.4	31
USGS	04109000	00060	1		1977	1	58.2	31
USGS	04109000	00060	1		1977	2	90.5	28
USGS	04109000	00060	1		1977	3	260.3	31
USGS	04109000	00060	1		1977	4	240.6	30
USGS	04109000	00060	1		1977	5	106.8	31
USGS	04109000	00060	1		1977	6	73.0	30
USGS	04109000	00060	1		1977	7	46.7	31
USGS	04109000	00060	1		1977	8	45.7	31
USGS	04109000	00060	1		1977	9	72.2	30
USGS	04109000	00060	1		1977	10	70.0	31
USGS	04109000	00060	1		1977	11	82.7	30
USGS	04109000	00060	1		1977	12	168.6	31
USGS	04109000	00060	1		1978	1	100.5	31
USGS	04109000	00060	1		1978	2	89.5	28
USGS	04109000	00060	1		1978	3	222.6	31
USGS	04109000	00060	1		1978	4	314.4	30
USGS	04109000	00060	1		1978	5	169.6	31
USGS	04109000	00060	1		1978	6	92.3	30
USGS	04109000	00060	1		1978	7	69.6	31
USGS	04109000	00060	1		1978	8	44.0	31
USGS	04109000	00060	1		1978	9	56.6	30
USGS	04109000	00060	1		1978	10	58.4	31
USGS	04109000	00060	1		1978	11	72.9	30
USGS	04109000	00060	1		1978	12	95.9	31
USGS	04109000	00060	1		1979	1	90.6	31
USGS	04109000	00060	1		1979	2	74.0	28
USGS	04109000	00060	1		1979	3	232.8	31
USGS	04109000	00060	1		1979	4	193.4	30
USGS	04109000	00060	1		1979	5	132.2	31
USGS	04109000	00060	1		1979	6	59.8	30
USGS	04109000	00060	1		1979	7	65.4	31
USGS	04109000	00060	1		1979	8	102.8	31
USGS	04109000	00060	1		1979	9	43.0	30
USGS	04109000	00060	1		1979	10	50.1	31
USGS	04109000	00060	1		1979	11	88.5	30
USGS	04109000	00060	1		1979	12	127.5	31
USGS	04109000	00060	1		1980	1	114.4	31
USGS	04109000	00060	1		1980	2	83.7	29
USGS	04109000	00060	1		1980	3	181.6	31
USGS	04109000	00060	1		1980	4	281.1	30
USGS	04109000	00060	1		1980	5	149.9	31
USGS	04109000	00060	1		1980	6	168.5	30
USGS	04109000	00060	1		1980	7	76.8	31
USGS	04109000	00060	1		1980	8	138.1	31
USGS	04109000	00060	1		1980	9	146.6	30
USGS	04109000	00060	1		1980	10	88.9	31
USGS	04109000	00060	1		1980	11	93.3	30
USGS	04109000	00060	1		1980	12	143.8	31
USGS	04109000	00060	1		1981	1	79.4	31
USGS	04109000	00060	1		1981	2	206.0	28
USGS	04109000	00060	1		1981	3	176.1	31
USGS	04109000	00060	1		1981	4	246.0	30
USGS	04109000	00060	1		1981	5	225.5	31
USGS	04109000	00060	1		1981	6	195.7	30
USGS	04109000	00060	1		1981	7	124.5	31
USGS	04109000	00060	1		1981	8	124.8	31
USGS	04109000	00060	1		1981	9	149.0	30
USGS	04109000	00060	1		1981	10	187.7	31
USGS	04109000	00060	1		1981	11	151.3	30
USGS	04109000	00060	1		1981	12	114.7	31
USGS	04109000	00060	1		1982	1	109.4	31
USGS	04109000	00060	1		1982	2	119.0	28
USGS	04109000	00060	1		1982	3	368.7	31
USGS	04109000	00060	1		1982	4	348.7	30
USGS	04109000	00060	1		1982	5	153.6	31
USGS	04109000	00060	1		1982	6	159.2	30
USGS	04109000	00060	1		1982	7	102.2	31
USGS	04109000	00060	1		1982	8	62.4	31
USGS	04109000	00060	1		1982	9	71.2	30
USGS	04109000	00060	1		1982	10	62.7	31
USGS	04109000	00060	1		1982	11	187.8	30
USGS	04109000	00060	1		1982	12	191.6	31
USGS	04109000	00060	1		1983	1	123.0	31
USGS	04109000	00060	1		1983	2	136.7	28
USGS	04109000	00060	1		1983	3	187.4	31
USGS	04109000	00060	1		1983	4	290.0	30
USGS	04109000	00060	1		1983	5	317.3	31
USGS	04109000	00060	1		1983	6	153.5	30
USGS	04109000	00060	1		1983	7	118.0	31
USGS	04109000	00060	1		1983	8	103.5	31
USGS	04109000	00060	1		1983	9	57.2	30
USGS	04109000	00060	1		1983	10	77.3	31
USGS	04109000	00060	1		1983	11	142.3	30
USGS	04109000	00060	1		1983	12	176.5	31
USGS	04109000	00060	1		1984	1	101.3	31
USGS	04109000	00060	1		1984	2	202.3	29
USGS	04109000	00060	1		1984	3	245.4	31
USGS	04109000	00060	1		1984	4	245.5	30
USGS	04109000	00060	1		1984	5	205.0	31
USGS	04109000	00060	1		1984	6	140.0	30
USGS	04109000	00060	1		1984	7	51.0	31
USGS	04109000	00060	1		1984	8	34.9	31
USGS	04109000	00060	1		1984	9	49.9	30
USGS	04109000	00060	1		1984	10	68.1	31
USGS	04109000	00060	1		1984	11	102.4	30
USGS	04109000	00060	1		1984	12	111.3	31
USGS	04109000	00060	1		1985	1	169.8	31
USGS	04109000	00060	1		1985	2	168.5	28
USGS	04109000	00060	1		1985	3	338.2	31
USGS	04109000	00060	1		1985	4	315.6	30
USGS	04109000	00060	1		1985	5	101.4	31
USGS	04109000	00060	1		1985	6	95.4	30
USGS	04109000	00060	1		1985	7	83.1	31
USGS	04109000	00060	1		1985	8	56.9	31
USGS	04109000	00060	1		1985	9	67.6	30
USGS	04109000	00060	1		1985	10	127.9	31
USGS	04109000	00060	1		1985	11	189.2	30
USGS	04109000	00060	1		1985	12	142.8	31
USGS	04109000	00060	1		1986	1	113.1	31
USGS	04109000	00060	1		1986	2	170.2	28
USGS	04109000	00060	1		1986	3	279.7	31
USGS	04109000	00060	1		1986	4	173.7	30
USGS	04109000	00060	1		1986	5	137.6	31
USGS	04109000	00060	1		1986	6	119.0	30
USGS	04109000	00060	1		1986	7	92.2	31
USGS	04109000	00060	1		1986	8	56.3	31
USGS	04109000	00060	1		1986	9	98.3	30
USGS	04109000	00060	1		1986	10	201.8	31
USGS	04109000	00060	1		1986	11	116.6	30
USGS	04109000	00060	1		1986	12	144.1	31
USGS	04109000	00060	1		1987	1	108.2	31
USGS	04109000	00060	1		1987	2	105.4	28
USGS	04109000	00060	1		1987	3	145.6	31
USGS	04109000	00060	1		1987	4	138.1	30
USGS	04109000	00060	1		1987	5	91.5	31
USGS	04109000	00060	1		1987	6	72.8	30
USGS	04109000	00060	1		1987	7	38.6	31
USGS	04109000	00060	1		1987	8	49.8	31
USGS	04109000	00060	1		1987	9	77.3	30
USGS	04109000	00060	1		1987	10	71.1	31
USGS	04109000	00060	1		1987	11	80.0	30
USGS	04109000	00060	1		1987	12	179.6	31
USGS	04109000	00060	1		1988	1	130.3	31
USGS	04109000	00060	1		1988	2	151.9	29
USGS	04109000	00060	1		1988	3	172.5	31
USGS	04109000	00060	1		1988	4	206.2	30
USGS	04109000	00060	1		1988	5	87.3	31
USGS	04109000	00060	1		1988	6	43.3	30
USGS	04109000	00060	1		1988	7	36.3	31
USGS	04109000	00060	1		1988	8	41.3	31
USGS	04109000	00060	1		1988	9	77.8	30
USGS	04109000	00060	1		1988	10	105.1	31
USGS	04109000	00060	1		1988	11	218.8	30
USGS	04109000	00060	1		1988	12	148.3	31
USGS	04109000	00060	1		1989	1	151.3	31
USGS	04109000	00060	1		1989	2	122.3	28
USGS	04109000	00060	1		1989	3	165.7	31
USGS	04109000	00060	1		1989	4	224.0	30
USGS	04109000	00060	1		1989	5	133.8	31
USGS	04109000	00060	1		1989	6	329.3	30
USGS	04109000	00060	1		1989	7	113.7	31
USGS	04109000	00060	1		1989	8	106.5	31
USGS	04109000	00060	1		1989	9	110.5	30
USGS	04109000	00060	1		1989	10	82.1	31
USGS	04109000	00060	1		1989	11	136.1	30
USGS	04109000	00060	1		1989	12	88.4	31
USGS	04109000	00060	1		1990	1	172.5	31
USGS	04109000	00060	1		1990	2	233.5	28
USGS	04109000	00060	1		1990	3	389.8	31
USGS	04109000	00060	1		1990	4	257.4	30
USGS	04109000	00060	1		1990	5	230.2	31
USGS	04109000	00060	1		1990	6	124.1	30
USGS	04109000	00060	1		1990	7	84.5	31
USGS	04109000	00060	1		1990	8	80.5	31
USGS	04109000	00060	1		1990	9	94.9	30
USGS	04109000	00060	1		1990	10	214.3	31
USGS	04109000	00060	1		1990	11	186.1	30
USGS	04109000	00060	1		1990	12	195.6	31
USGS	04109000	00060	1		1991	1	257.8	31
USGS	04109000	00060	1		1991	2	200.0	28
USGS	04109000	00060	1		1991	3	197.6	31
USGS	04109000	00060	1		1991	4	225.9	30
USGS	04109000	00060	1		1991	5	161.8	31
USGS	04109000	00060	1		1991	6	109.5	30
USGS	04109000	00060	1		1991	7	66.3	31
USGS	04109000	00060	1		1991	8	83.3	31
USGS	04109000	00060	1		1991	9	69.8	30
USGS	04109000	00060	1		1991	10	105.5	31
USGS	04109000	00060	1		1991	11	147.9	30
USGS	04109000	00060	1		1991	12	164.7	31
USGS	04109000	00060	1		1992	1	142.5	31
USGS	04109000	00060	1		1992	2	137.9	29
USGS	04109000	00060	1		1992	3	175.2	31
USGS	04109000	00060	1		1992	4	178.4	30
USGS	04109000	00060	1		1992	5	140.9	31
USGS	04109000	00060	1		1992	6	109.3	30
USGS	04109000	00060	1		1992	7	132.5	31
USGS	04109000	00060	1		1992	8	148.0	31
USGS	04109000	00060	1		1992	9	212.7	30
USGS	04109000	00060	1		1992	10	198.5	31
USGS	04109000	00060	1		1992	11	304.6	30
USGS	04109000	00060	1		1992	12	210.2	31
USGS	04109000	00060	1		1993	1	343.2	31
USGS	04109000	00060	1		1993	2	177.7	28
USGS	04109000	00060	1		1993	3	256.9	31
USGS	04109000	00060	1		1993	4	339.8	30
USGS	04109000	00060	1		1993	5	173.8	31
USGS	04109000	00060	1		1993	6	202.7	30
USGS	04109000	00060	1		1993	7	163.3	31
USGS	04109000	00060	1		1993	8	80.9	31
USGS	04109000	00060	1		1993	9	145.5	30
USGS	04109000	00060	1		1993	10	200.5	31
USGS	04109000	00060	1		1993	11	141.1	30
USGS	04109000	00060	1		1993	12	153.0	31
USGS	04109000	00060	1		1994	1	123.8	31
USGS	04109000	00060	1		1994	2	169.4	28
USGS	04109000	00060	1		1994	3	245.2	31
USGS	04109000	00060	1		1994	4	222.4	30
USGS	04109000	00060	1		1994	5	152.2	31
USGS	04109000	00060	1		1994	6	121.7	30
USGS	04109000	00060	1		1994	7	132.7	31
USGS	04109000	00060	1		1994	8	114.8	31
USGS	04109000	00060	1		1994	9	61.2	30
USGS	04109000	00060	1		1994	10	88.7	31
USGS	04109000	00060	1		1994	11	140.9	30
USGS	04109000	00060	1		1994	12	184.4	31
USGS	04109000	00060	1		1995	1	194.4	31
USGS	04109000	00060	1		1995	2	117.9	28
USGS	04109000	00060	1		1995	3	217.5	31
USGS	04109000	00060	1		1995	4	203.3	30
USGS	04109000	00060	1		1995	5	149.4	31
USGS	04109000	00060	1		1995	6	106.2	30
USGS	04109000	00060	1		1995	7	97.0	31
USGS	04109000	00060	1		1995	8	193.3	31
USGS	04109000	00060	1		1995	9	70.1	30
USGS	04109000	00060	1		1995	10	98.4	31
USGS	04109000	00060	1		1995	11	188.1	30
USGS	04109000	00060	1		1995	12	107.7	31
USGS	04109000	00060	1		1996	1	129.4	31
USGS	04109000	00060	1		1996	2	121.7	29
USGS	04109000	00060	1		1996	3	182.1	31
USGS	04109000	00060	1		1996	4	212.9	30
USGS	04109000	00060	1		1996	5	204.8	31
USGS	04109000	00060	1		1996	6	159.8	30
USGS	04109000	00060	1		1996	7	65.7	31
USGS	04109000	00060	1		1996	8	62.0	31
USGS	04109000	00060	1		1996	9	64.0	30
USGS	04109000	00060	1		1996	10	85.9	31
USGS	04109000	00060	1		1996	11	135.5	30
USGS	04109000	00060	1		1996	12	134.6	31
USGS	04109000	00060	1		1997	1	148.7	31
USGS	04109000	00060	1		1997	2	226.7	28
USGS	04109000	00060	1		1997	3	322.1	31
USGS	04109000	00060	1		1997	4	209.6	30
USGS	04109000	00060	1		1997	5	186.7	31
USGS	04109000	00060	1		1997	6	145.5	30
USGS	04109000	00060	1		1997	7	76.4	31
USGS	04109000	00060	1		1997	8	83.6	31
USGS	04109000	00060	1		1997	9	117.3	30
USGS	04109000	00060	1		1997	10	86.1	31
USGS	04109000	00060	1		1997	11	111.3	30
USGS	04109000	00060	1		1997	12	126.1	31
USGS	04109000	00060	1		1998	1	259.5	31
USGS	04109000	00060	1		1998	2	267.3	28
USGS	04109000	00060	1		1998	3	354.7	31
USGS	04109000	00060	1		1998	4	274.0	30
USGS	04109000	00060	1		1998	5	230.6	31
USGS	04109000	00060	1		1998	6	139.3	30
USGS	04109000	00060	1		1998	7	83.8	31
USGS	04109000	00060	1		1998	8	86.2	31
USGS	04109000	00060	1		1998	9	61.1	30
USGS	04109000	00060	1		1998	10	70.7	31
USGS	04109000	00060	1		1998	11	99.8	30
USGS	04109000	00060	1		1998	12	93.0	31
USGS	04109000	00060	1		1999	1	159.2	31
USGS	04109000	00060	1		1999	2	192.8	28
USGS	04109000	00060	1		1999	3	151.4	31
USGS	04109000	00060	1		1999	4	212.4	30
USGS	04109000	00060	1		1999	5	139.0	31
USGS	04109000	00060	1		1999	6	84.9	30
USGS	04109000	00060	1		1999	7	88.5	31
USGS	04109000	00060	1		1999	8	58.5	31
USGS	04109000	00060	1		1999	9	39.4	30
USGS	04109000	00060	1		1999	10	50.6	31
USGS	04109000	00060	1		1999	11	53.2	30
USGS	04109000	00060	1		1999	12	92.5	31
USGS	04109000	00060	1		2000	1	76.7	31
USGS	04109000	00060	1		2000	2	87.8	29
USGS	04109000	00060	1		2000	3	109.8	31
USGS	04109000	00060	1		2000	4	162.7	30
USGS	04109000	00060	1		2000	5	176.2	31
USGS	04109000	00060	1		2000	6	197.0	30
USGS	04109000	00060	1		2000	7	128.2	31
USGS	04109000	00060	1		2000	8	123.5	31
USGS	04109000	00060	1		2000	9	93.1	30
USGS	04109000	00060	1		2000	10	112.8	31
USGS	04109000	00060	1		2000	11	102.7	30
USGS	04109000	00060	1		2000	12	122.5	31
USGS	04109000	00060	1		2001	1	116.5	31
USGS	04109000	00060	1		2001	2	308.4	28
USGS	04109000	00060	1		2001	3	253.8	31
USGS	04109000	00060	1		2001	4	198.9	30
USGS	04109000	00060	1		2001	5	199.6	31
USGS	04109000	00060	1		2001	6	182.0	30
USGS	04109000	00060	1		2001	7	66.6	31
USGS	04109000	00060	1		2001	8	58.3	31
USGS	04109000	00060	1		2001	9	76.0	30
USGS	04109000	00060	1		2001	10	221.7	31
USGS	04109000	00060	1		2001	11	153.7	30
USGS	04109000	00060	1		2001	12	210.8	31
USGS	04109000	00060	1		2002	1	140.2	31
USGS	04109000	00060	1		2002	2	233.8	28
USGS	04109000	00060	1		2002	3	249.5	31
USGS	04109000	00060	1		2002	4	223.4	30
USGS	04109000	00060	1		2002	5	212.2	31
USGS	04109000	00060	1		2002	6	97.9	30
USGS	04109000	00060	1		2002	7	67.4	31
USGS	04109000	00060	1		2002	8	68.5	31
USGS	04109000	00060	1		2002	9	45.0	30
USGS	04109000	00060	1		2002	10	47.9	31
USGS	04109000	00060	1		2002	11	70.0	30
USGS	04109000	00060	1		2002	12	68.5	31
USGS	04109000	00060	1		2003	1	74.3	31
USGS	04109000	00060	1		2003	2	59.2	28
USGS	04109000	00060	1		2003	3	146.3	31
USGS	04109000	00060	1		2003	4	216.2	30
USGS	04109000	00060	1		2003	5	196.5	31
USGS	04109000	00060	1		2003	6	79.1	30
USGS	04109000	00060	1		2003	7	52.0	31
USGS	04109000	00060	1		2003	8	55.8	31
USGS	04109000	00060	1		2003	9	61.0	30
USGS	04109000	00060	1		2003	10	87.8	31
USGS	04109000	00060	1		2003	11	115.7	30
USGS	04109000	00060	1		2003	12	106.0	31
USGS	04109000	00060	1		2004	1	85.3	31
USGS	04109000	00060	1		2004	2	82.4	29
USGS	04109000	00060	1		2004	3	219.5	31
USGS	04109000	00060	1		2004	4	115.3	30
USGS	04109000	00060	1		2004	5	233.4	31
USGS	04109000	00060	1		2004	6	184.4	30
USGS	04109000	00060	1		2004	7	105.2	31
USGS	04109000	00060	1		2004	8	89.1	31
USGS	04109000	00060	1		2004	9	58.5	30
USGS	04109000	00060	1		2004	10	58.6	31
USGS	04109000	00060	1		2004	11	129.4	30
USGS	04109000	00060	1		2004	12	185.4	31
USGS	04109000	00060	1		2005	1	245.8	31
USGS	04109000	00060	1		2005	2	255.5	28
USGS	04109000	00060	1		2005	3	231.3	31
USGS	04109000	00060	1		2005	4	151.4	30
USGS	04109000	00060	1		2005	5	113.6	31
USGS	04109000	00060	1		2005	6	75.3	30
USGS	04109000	00060	1		2005	7	105.2	31
USGS	04109000	00060	1		2005	8	72.2	31
USGS	04109000	00060	1		2005	9	52.9	30
USGS	04109000	00060	1		2005	10	40.0	31
USGS	04109000	00060	1		2005	11	70.8	30
USGS	04109000	00060	1		2005	12	93.7	31
USGS	04109000	00060	1		2006	1	216.8	31
USGS	04109000	00060	1		2006	2	226.0	28
USGS	04109000	00060	1		2006	3	223.5	31
USGS	04109000	00060	1		2006	4	178.1	30
USGS	04109000	00060	1		2006	5	212.3	31
USGS	04109000	00060	1		2006	6	162.9	30
USGS	04109000	00060	1		2006	7	136.2	31
USGS	04109000	00060	1		2006	8	85.4	31
USGS	04109000	00060	1		2006	9	107.6	30
USGS	04109000	00060	1		2006	10	166.9	31
USGS	04109000	00060	1		2006	11	190.6	30
USGS	04109000	00060	1		2006	12	261.2	31
USGS	04109000	00060	1		2007	1	303.5	31
USGS	04109000	00060	1		2007	2	129.9	28
USGS	04109000	00060	1		2007	3	321.5	31
USGS	04109000	00060	1		2007	4	213.3	30
USGS	04109000	00060	1		2007	5	144.8	31
USGS	04109000	00060	1		2007	6	158.1	30
USGS	04109000	00060	1		2007	7	52.2	31
USGS	04109000	00060	1		2007	8	109.1	31
USGS	04109000	00060	1		2007	9	69.1	30
USGS	04109000	00060	1		2007	10	70.1	31
USGS	04109000	00060	1		2007	11	94.1	30
USGS	04109000	00060	1		2007	12	154.7	31
USGS	04109000	00060	1		2008	1	313.5	31
USGS	04109000	00060	1		2008	2	315.7	29
USGS	04109000	00060	1		2008	3	332.4	31
USGS	04109000	00060	1		2008	4	301.8	30
USGS	04109000	00060	1		2008	5	122.3	31
USGS	04109000	00060	1		2008	6	126.5	30
USGS	04109000	00060	1		2008	7	132.8	31
USGS	04109000	00060	1		2008	8	53.3	31
USGS	04109000	00060	1		2008	9	161.2	30
USGS	04109000	00060	1		2008	10	97.6	31
USGS	04109000	00060	1		2008	11	124.7	30
USGS	04109000	00060	1		2008	12	172.9	31
USGS	04109000	00060	1		2009	1	168.9	31
USGS	04109000	00060	1		2009	2	246.2	28
USGS	04109000	00060	1		2009	3	375.2	31
USGS	04109000	00060	1		2009	4	359.3	30
USGS	04109000	00060	1		2009	5	343.2	31
USGS	04109000	00060	1		2009	6	257.9	30
USGS	04109000	00060	1		2009	7	108.5	31
USGS	04109000	00060	1		2009	8	96.0	31
USGS	04109000	00060	1		2009	9	86.8	30
USGS	04109000	00060	1		2009	10	149.4	31
USGS	04109000	00060	1		2009	11	151.9	30
USGS	04109000	00060	1		2009	12	144.6	31
USGS	04109000	00060	1		2010	1	131.7	31
USGS	04109000	00060	1		2010	2	100.1	28
USGS	04109000	00060	1		2010	3	242.7	31
USGS	04109000	00060	1		2010	4	157.8	30
USGS	04109000	00060	1		2010	5	301.1	31
USGS	04109000	00060	1		2010	6	413.7	30
USGS	04109000	00060	1		2010	7	191.8	31
USGS	04109000	00060	1		2010	8	123.2	31
USGS	04109000	00060	1		2010	9	72.9	30
USGS	04109000	00060	1		2010	10	67.8	31
USGS	04109000	00060	1		2010	11	111.7	30
USGS	04109000	00060	1		2010	12	92.4	31
USGS	04109000	00060	1		2011	1	118.1	31
USGS	04109000	00060	1		2011	2	148.3	28
USGS	04109000	00060	1		2011	3	321.6	31
USGS	04109000	00060	1		2011	4	283.6	30
USGS	04109000	00060	1		2011	5	327.9	31
USGS	04109000	00060	1		2011	6	193.9	30
USGS	04109000	00060	1		2011	7	90.8	31
USGS	04109000	00060	1		2011	8	136.3	31
USGS	04109000	00060	1		2011	9	99.1	30
USGS	04109000	00060	1		2011	10	147.6	31
USGS	04109000	00060	1		2011	11	185.3	30
USGS	04109000	00060	1		2011	12	390.6	31
USGS	04109000	00060	1		2012	1	266.4	31
USGS	04109000	00060	1		2012	2	236.6	29
USGS	04109000	00060	1		2012	3	284.6	31
USGS	04109000	00060	1		2012	4	170.7	30
USGS	04109000	00060	1		2012	5	113.0	31
USGS	04109000	00060	1		2012	6	61.5	30
USGS	04109000	00060	1		2012	7	38.9	31
USGS	04109000	00060	1		2012	8	44.4	31
USGS	04109000	00060	1		2012	9	38.3	30
USGS	04109000	00060	1		2012	10	68.8	31
USGS	04109000	00060	1		2012	11	56.3	30
USGS	04109000	00060	1		2012	12	85.4	31
USGS	04109000	00060	1		2013	1	109.8	31
USGS	04109000	00060	1		2013	2	140.5	28
USGS	04109000	00060	1		2013	3	159.4	31
USGS	04109000	00060	1		2013	4	311.5	30
USGS	04109000	00060	1		2013	5	152.0	31
USGS	04109000	00060	1		2013	6	127.5	30
USGS	04109000	00060	1		2013	7	80.0	31
USGS	04109000	00060	1		2013	8	91.4	31
USGS	04109000	00060	1		2013	9	81.0	30
USGS	04109000	00060	1		2013	10	81.3	31
USGS	04109000	00060	1		2013	11	111.6	30
USGS	04109000	00060	1		2013	12	101.4	31
USGS	04109000	00060	1		2014	1	158.2	31
USGS	04109000	00060	1		2014	2	114.6	28
USGS	04109000	00060	1		2014	3	254.8	31
USGS	04109000	00060	1		2014	4	269.7	30
USGS	04109000	00060	1		2014	5	200.9	31
USGS	04109000	00060	1		2014	6	137.4	30
