#
#
# US Geological Survey, Water Resources Data
# retrieved: 2015-01-08 14:48:14 EST      (vaww01)
#
# This file contains USGS Surface-Water Monthly Statistics
#
# Note:The statistics generated from  this site are based on approved daily-mean data and may not match those published by the USGS in official publications.
# The user is responsible for assessment and use of statistics from this site.
# For more details on why the statistics may not match, visit http://waterdata.usgs.gov/nwis/?dv_statistics_disclaimer.
#
# ** No Incomplete data have been used for statistical calculation
#
# This file includes the following columns:
#
#
# agency_cd    agency code
# site_no USGS site number
# parameter_cd
# dd_nu
# year_nu Calendar year for value
# month_nu     Month for value
# mean_va monthly-mean value.
#         if there is not complete record
#         for a month this field is blank
#
#
# Sites in this file include:
# USGS 04108801 MACATAWA RIVER NEAR ZEELAND, MI
# 
# Explanation of Parameter Code and dd_nu used in the Statistics Data 
# parameter_cd	Parameter Name					dd_nu	Location Name
# 00060		Discharge, cubic feet per second		2	
#
#
agency_cd	site_no	parameter_cd	dd_nu	year_nu	month_nu	mean_va
# 5s	15s	5s	3n	4s	2s	12n
USGS	04108801	00060	2	1960	10	4.36
USGS	04108801	00060	2	1960	11	7.23
USGS	04108801	00060	2	1960	12	5.32
USGS	04108801	00060	2	1961	1	4.42
USGS	04108801	00060	2	1961	2	18.5
USGS	04108801	00060	2	1961	3	107.9
USGS	04108801	00060	2	1961	4	114.6
USGS	04108801	00060	2	1961	5	15.4
USGS	04108801	00060	2	1961	6	4.76
USGS	04108801	00060	2	1961	7	2.79
USGS	04108801	00060	2	1961	8	2.64
USGS	04108801	00060	2	1961	9	47.5
USGS	04108801	00060	2	1961	10	26.7
USGS	04108801	00060	2	1961	11	65.3
USGS	04108801	00060	2	1961	12	33.1
USGS	04108801	00060	2	1962	1	38.6
USGS	04108801	00060	2	1962	2	54.1
USGS	04108801	00060	2	1962	3	342.6
USGS	04108801	00060	2	1962	4	24.5
USGS	04108801	00060	2	1962	5	47.3
USGS	04108801	00060	2	1962	6	4.28
USGS	04108801	00060	2	1962	7	2.84
USGS	04108801	00060	2	1962	8	2.03
USGS	04108801	00060	2	1962	9	7.47
USGS	04108801	00060	2	1962	10	3.97
USGS	04108801	00060	2	1962	11	4.42
USGS	04108801	00060	2	1962	12	5.50
USGS	04108801	00060	2	1963	1	6.05
USGS	04108801	00060	2	1963	2	6.71
USGS	04108801	00060	2	1963	3	340.0
USGS	04108801	00060	2	1963	4	56.0
USGS	04108801	00060	2	1963	5	58.0
USGS	04108801	00060	2	1963	6	7.26
USGS	04108801	00060	2	1963	7	2.90
USGS	04108801	00060	2	1963	8	3.15
USGS	04108801	00060	2	1963	9	2.09
USGS	04108801	00060	2	1963	10	2.56
USGS	04108801	00060	2	1963	11	5.52
USGS	04108801	00060	2	1963	12	6.99
USGS	04108801	00060	2	1964	1	61.4
USGS	04108801	00060	2	1964	2	22.5
USGS	04108801	00060	2	1964	3	141.6
USGS	04108801	00060	2	1964	4	123.9
USGS	04108801	00060	2	1964	5	62.6
USGS	04108801	00060	2	1964	6	7.19
USGS	04108801	00060	2	1964	7	3.69
USGS	04108801	00060	2	1964	8	2.03
USGS	04108801	00060	2	1964	9	2.45
USGS	04108801	00060	2	1964	10	2.79
USGS	04108801	00060	2	1964	11	14.9
USGS	04108801	00060	2	1964	12	63.5
USGS	04108801	00060	2	1965	1	72.7
USGS	04108801	00060	2	1965	2	208.9
USGS	04108801	00060	2	1965	3	196.9
USGS	04108801	00060	2	1965	4	201.0
USGS	04108801	00060	2	1965	5	9.51
USGS	04108801	00060	2	1965	6	4.76
USGS	04108801	00060	2	1965	7	1.94
USGS	04108801	00060	2	1965	8	2.92
USGS	04108801	00060	2	1965	9	11.0
USGS	04108801	00060	2	1965	10	32.2
USGS	04108801	00060	2	1965	11	18.8
USGS	04108801	00060	2	1965	12	182.4
USGS	04108801	00060	2	1966	1	30.2
USGS	04108801	00060	2	1966	2	176.8
USGS	04108801	00060	2	1966	3	127.8
USGS	04108801	00060	2	1966	4	140.7
USGS	04108801	00060	2	1966	5	67.5
USGS	04108801	00060	2	1966	6	12.2
USGS	04108801	00060	2	1966	7	4.89
USGS	04108801	00060	2	1966	8	3.85
USGS	04108801	00060	2	1966	9	2.58
USGS	04108801	00060	2	1966	10	4.45
USGS	04108801	00060	2	1966	11	28.5
USGS	04108801	00060	2	1966	12	98.8
USGS	04108801	00060	2	1967	1	60.5
USGS	04108801	00060	2	1967	2	65.0
USGS	04108801	00060	2	1967	3	177.2
USGS	04108801	00060	2	1967	4	196.6
USGS	04108801	00060	2	1967	5	16.5
USGS	04108801	00060	2	1967	6	118.3
USGS	04108801	00060	2	1967	7	11.1
USGS	04108801	00060	2	1967	8	5.66
USGS	04108801	00060	2	1967	9	3.86
USGS	04108801	00060	2	1967	10	34.1
USGS	04108801	00060	2	1967	11	132.2
USGS	04108801	00060	2	1967	12	114.8
USGS	04108801	00060	2	1968	1	89.8
USGS	04108801	00060	2	1968	2	118.3
USGS	04108801	00060	2	1968	3	55.1
USGS	04108801	00060	2	1968	4	29.0
USGS	04108801	00060	2	1968	5	8.89
USGS	04108801	00060	2	1968	6	16.3
USGS	04108801	00060	2	1968	7	10.7
USGS	04108801	00060	2	1968	8	4.40
USGS	04108801	00060	2	1968	9	3.38
USGS	04108801	00060	2	1968	10	3.93
USGS	04108801	00060	2	1968	11	34.9
USGS	04108801	00060	2	1968	12	36.6
USGS	04108801	00060	2	1969	1	100.2
USGS	04108801	00060	2	1969	2	51.6
USGS	04108801	00060	2	1969	3	52.6
USGS	04108801	00060	2	1969	4	116.3
USGS	04108801	00060	2	1969	5	34.0
USGS	04108801	00060	2	1969	6	21.7
USGS	04108801	00060	2	1969	7	20.0
USGS	04108801	00060	2	1969	8	6.02
USGS	04108801	00060	2	1969	9	2.84
USGS	04108801	00060	2	1969	10	10.8
USGS	04108801	00060	2	1969	11	78.4
USGS	04108801	00060	2	1969	12	15.0
USGS	04108801	00060	2	1970	1	20.6
USGS	04108801	00060	2	1970	2	37.0
USGS	04108801	00060	2	1970	3	84.3
USGS	04108801	00060	2	1970	4	194.1
USGS	04108801	00060	2	1970	5	69.6
USGS	04108801	00060	2	1970	6	33.0
USGS	04108801	00060	2	1970	7	4.73
USGS	04108801	00060	2	1970	8	4.71
USGS	04108801	00060	2	1970	9	19.8
USGS	04108801	00060	2	1970	10	35.4
USGS	04108801	00060	2	1970	11	94.3
USGS	04108801	00060	2	1970	12	79.6
USGS	04108801	00060	2	1971	1	33.3
USGS	04108801	00060	2	1971	2	380.9
USGS	04108801	00060	2	1971	3	159.2
USGS	04108801	00060	2	1971	4	47.7
USGS	04108801	00060	2	1971	5	10.5
USGS	04108801	00060	2	1971	6	4.97
USGS	04108801	00060	2	1971	7	2.91
USGS	04108801	00060	2	1971	8	2.05
USGS	04108801	00060	2	1971	9	6.71
USGS	04108801	00060	2	1971	10	4.56
USGS	04108801	00060	2	1971	11	4.20
USGS	04108801	00060	2	1971	12	125.1
USGS	04108801	00060	2	1972	1	61.3
USGS	04108801	00060	2	1972	2	38.1
USGS	04108801	00060	2	1972	3	179.7
USGS	04108801	00060	2	1972	4	132.6
USGS	04108801	00060	2	1972	5	26.8
USGS	04108801	00060	2	1972	6	48.9
USGS	04108801	00060	2	1972	7	83.5
USGS	04108801	00060	2	1972	8	75.5
USGS	04108801	00060	2	1972	9	70.3
USGS	04108801	00060	2	1972	10	110.7
USGS	04108801	00060	2	1972	11	108.8
USGS	04108801	00060	2	1972	12	177.1
USGS	04108801	00060	2	1973	1	165.8
USGS	04108801	00060	2	1973	2	35.6
USGS	04108801	00060	2	1973	3	143.9
USGS	04108801	00060	2	1973	4	117.5
USGS	04108801	00060	2	1973	5	137.5
USGS	04108801	00060	2	1973	6	29.3
USGS	04108801	00060	2	1973	7	11.9
USGS	04108801	00060	2	1973	8	6.28
USGS	04108801	00060	2	1973	9	6.99
USGS	04108801	00060	2	1973	10	17.7
USGS	04108801	00060	2	1973	11	100.9
USGS	04108801	00060	2	1973	12	169.6
USGS	04108801	00060	2	1974	1	277.8
USGS	04108801	00060	2	1974	2	121.2
USGS	04108801	00060	2	1974	3	228.5
USGS	04108801	00060	2	1974	4	94.6
USGS	04108801	00060	2	1974	5	104.5
USGS	04108801	00060	2	1974	6	37.1
USGS	04108801	00060	2	1974	7	6.09
USGS	04108801	00060	2	1974	8	3.61
USGS	04108801	00060	2	1974	9	3.32
USGS	04108801	00060	2	1974	10	7.78
USGS	04108801	00060	2	1974	11	35.1
USGS	04108801	00060	2	1974	12	69.3
USGS	04108801	00060	2	1975	1	174.4
USGS	04108801	00060	2	1975	2	123.9
USGS	04108801	00060	2	1975	3	143.3
USGS	04108801	00060	2	1975	4	144.7
USGS	04108801	00060	2	1975	5	36.6
USGS	04108801	00060	2	1975	6	44.0
USGS	04108801	00060	2	1975	7	5.84
USGS	04108801	00060	2	1975	8	36.7
USGS	04108801	00060	2	1975	9	43.6
USGS	04108801	00060	2	1975	10	6.76
USGS	04108801	00060	2	1975	11	61.3
USGS	04108801	00060	2	1975	12	218.1
USGS	04108801	00060	2	1976	1	44.1
USGS	04108801	00060	2	1976	2	252.8
USGS	04108801	00060	2	1976	3	213.5
USGS	04108801	00060	2	1976	4	95.7
USGS	04108801	00060	2	1976	5	153.1
USGS	04108801	00060	2	1976	6	14.6
USGS	04108801	00060	2	1976	7	10.5
USGS	04108801	00060	2	1976	8	3.29
USGS	04108801	00060	2	1976	9	2.75
USGS	04108801	00060	2	1976	10	2.80
USGS	04108801	00060	2	1976	11	2.98
USGS	04108801	00060	2	1976	12	3.99
USGS	04108801	00060	2	1977	1	2.89
USGS	04108801	00060	2	1977	2	6.88
USGS	04108801	00060	2	1977	3	197.0
USGS	04108801	00060	2	1977	4	47.6
USGS	04108801	00060	2	1977	5	9.10
USGS	04108801	00060	2	1977	6	6.88
USGS	04108801	00060	2	1977	7	3.22
USGS	04108801	00060	2	1977	8	3.18
USGS	04108801	00060	2	1977	9	5.84
USGS	04108801	00060	2	1977	10	12.6
USGS	04108801	00060	2	1977	11	22.1
USGS	04108801	00060	2	1977	12	133.0
USGS	04108801	00060	2	1978	1	28.8
USGS	04108801	00060	2	1978	2	32.1
USGS	04108801	00060	2	1978	3	310.7
USGS	04108801	00060	2	1978	4	131.2
USGS	04108801	00060	2	1978	5	58.5
USGS	04108801	00060	2	1978	6	162.1
USGS	04108801	00060	2	1978	7	39.5
USGS	04108801	00060	2	1978	8	26.0
USGS	04108801	00060	2	1978	9	189.6
USGS	04108801	00060	2	1978	10	78.8
USGS	04108801	00060	2	1978	11	40.4
USGS	04108801	00060	2	1978	12	77.1
USGS	04108801	00060	2	1979	1	48.4
USGS	04108801	00060	2	1979	2	33.6
USGS	04108801	00060	2	1979	3	499.2
USGS	04108801	00060	2	1979	4	96.2
USGS	04108801	00060	2	1979	5	39.3
USGS	04108801	00060	2	1979	6	21.6
USGS	04108801	00060	2	1979	7	9.44
USGS	04108801	00060	2	1979	8	60.0
USGS	04108801	00060	2	1979	9	6.76
USGS	04108801	00060	2	1979	10	8.68
USGS	04108801	00060	2	1979	11	72.8
USGS	04108801	00060	2	1979	12	185.5
USGS	04108801	00060	2	1980	1	91.7
USGS	04108801	00060	2	1980	2	82.1
USGS	04108801	00060	2	1980	3	68.7
USGS	04108801	00060	2	1980	4	143.8
USGS	04108801	00060	2	1980	5	23.2
USGS	04108801	00060	2	1980	6	217.2
USGS	04108801	00060	2	1980	7	30.3
USGS	04108801	00060	2	1980	8	13.5
USGS	04108801	00060	2	1980	9	27.1
USGS	04108801	00060	2	1980	10	26.9
USGS	04108801	00060	2	1980	11	15.6
USGS	04108801	00060	2	1980	12	114.4
USGS	04108801	00060	2	1981	1	15.7
USGS	04108801	00060	2	1981	2	292.9
USGS	04108801	00060	2	1981	3	37.6
USGS	04108801	00060	2	1981	4	175.9
USGS	04108801	00060	2	1981	5	288.2
USGS	04108801	00060	2	1981	6	56.9
USGS	04108801	00060	2	1981	7	10.4
USGS	04108801	00060	2	1981	8	4.63
USGS	04108801	00060	2	1981	9	8.63
USGS	04108801	00060	2	1981	10	36.3
USGS	04108801	00060	2	1981	11	54.8
USGS	04108801	00060	2	1981	12	32.6
USGS	04108801	00060	2	1982	1	29.5
USGS	04108801	00060	2	1982	2	36.8
USGS	04108801	00060	2	1982	3	354.5
USGS	04108801	00060	2	1982	4	132.1
USGS	04108801	00060	2	1982	5	19.6
USGS	04108801	00060	2	1982	6	11.8
USGS	04108801	00060	2	1982	7	185.0
USGS	04108801	00060	2	1982	8	31.1
USGS	04108801	00060	2	1982	9	7.50
USGS	04108801	00060	2	1982	10	6.00
USGS	04108801	00060	2	1982	11	86.0
USGS	04108801	00060	2	1982	12	328.1
USGS	04108801	00060	2	1983	1	37.9
USGS	04108801	00060	2	1983	2	88.7
USGS	04108801	00060	2	1983	3	112.3
USGS	04108801	00060	2	1983	4	138.0
USGS	04108801	00060	2	1983	5	67.9
USGS	04108801	00060	2	1983	6	13.1
USGS	04108801	00060	2	1983	7	11.2
USGS	04108801	00060	2	1983	8	6.98
USGS	04108801	00060	2	1983	9	5.17
USGS	04108801	00060	2	1983	10	9.54
USGS	04108801	00060	2	1983	11	26.1
USGS	04108801	00060	2	1983	12	73.5
USGS	04108801	00060	2	1984	1	26.5
USGS	04108801	00060	2	1984	2	285.8
USGS	04108801	00060	2	1984	3	110.9
USGS	04108801	00060	2	1984	4	38.0
USGS	04108801	00060	2	1984	5	134.8
USGS	04108801	00060	2	1984	6	9.69
USGS	04108801	00060	2	1984	7	5.92
USGS	04108801	00060	2	1984	8	2.04
USGS	04108801	00060	2	1984	9	2.65
USGS	04108801	00060	2	1984	10	4.91
USGS	04108801	00060	2	1984	11	34.3
USGS	04108801	00060	2	1984	12	129.7
USGS	04108801	00060	2	1985	1	46.9
USGS	04108801	00060	2	1985	2	397.7
USGS	04108801	00060	2	1985	3	300.8
USGS	04108801	00060	2	1985	4	99.4
USGS	04108801	00060	2	1985	5	11.1
USGS	04108801	00060	2	1985	6	4.15
USGS	04108801	00060	2	1985	7	2.42
USGS	04108801	00060	2	1985	8	5.29
USGS	04108801	00060	2	1985	9	8.87
USGS	04108801	00060	2	1985	10	21.4
USGS	04108801	00060	2	1985	11	148.4
USGS	04108801	00060	2	1985	12	59.0
USGS	04108801	00060	2	1986	1	163.7
USGS	04108801	00060	2	1986	2	115.6
USGS	04108801	00060	2	1986	3	238.2
USGS	04108801	00060	2	1986	4	21.2
USGS	04108801	00060	2	1986	5	24.2
USGS	04108801	00060	2	1986	6	50.6
USGS	04108801	00060	2	1986	7	156.9
USGS	04108801	00060	2	1986	8	11.1
USGS	04108801	00060	2	1986	9	251.9
USGS	04108801	00060	2	1986	10	152.2
USGS	04108801	00060	2	1986	11	39.3
USGS	04108801	00060	2	1986	12	62.6
USGS	04108801	00060	2	1987	1	30.3
USGS	04108801	00060	2	1987	2	24.6
USGS	04108801	00060	2	1987	3	65.8
USGS	04108801	00060	2	1987	4	68.4
USGS	04108801	00060	2	1987	5	9.45
USGS	04108801	00060	2	1987	6	3.10
USGS	04108801	00060	2	1987	7	2.18
USGS	04108801	00060	2	1987	8	89.2
USGS	04108801	00060	2	1987	9	160.4
USGS	04108801	00060	2	1987	10	67.8
USGS	04108801	00060	2	1987	11	101.4
USGS	04108801	00060	2	1987	12	195.8
USGS	04108801	00060	2	1988	1	159.6
USGS	04108801	00060	2	1988	2	120.2
USGS	04108801	00060	2	1988	3	89.7
USGS	04108801	00060	2	1988	4	131.5
USGS	04108801	00060	2	1988	5	14.4
USGS	04108801	00060	2	1988	6	3.68
USGS	04108801	00060	2	1988	7	2.40
USGS	04108801	00060	2	1988	8	2.63
USGS	04108801	00060	2	1988	9	16.0
USGS	04108801	00060	2	1988	10	54.1
USGS	04108801	00060	2	1988	11	227.1
USGS	04108801	00060	2	1988	12	122.1
USGS	04108801	00060	2	1989	1	58.6
USGS	04108801	00060	2	1989	2	25.1
USGS	04108801	00060	2	1989	3	173.1
USGS	04108801	00060	2	1989	4	31.6
USGS	04108801	00060	2	1989	5	127.6
USGS	04108801	00060	2	1989	6	148.5
USGS	04108801	00060	2	1989	7	6.41
USGS	04108801	00060	2	1989	8	34.6
USGS	04108801	00060	2	1989	9	17.1
USGS	04108801	00060	2	1989	10	6.62
USGS	04108801	00060	2	1989	11	121.1
USGS	04108801	00060	2	1989	12	19.6
USGS	04108801	00060	2	1990	1	237.4
USGS	04108801	00060	2	1990	2	65.4
USGS	04108801	00060	2	1990	3	165.3
USGS	04108801	00060	2	1990	4	77.9
USGS	04108801	00060	2	1990	5	137.9
USGS	04108801	00060	2	1990	6	15.5
USGS	04108801	00060	2	1990	7	8.32
USGS	04108801	00060	2	1990	8	8.84
USGS	04108801	00060	2	1990	9	9.30
USGS	04108801	00060	2	1990	10	111.7
USGS	04108801	00060	2	1990	11	333.4
USGS	04108801	00060	2	1990	12	187.5
USGS	04108801	00060	2	1991	1	82.8
USGS	04108801	00060	2	1991	2	79.4
USGS	04108801	00060	2	1991	3	158.0
USGS	04108801	00060	2	1991	4	183.0
USGS	04108801	00060	2	1991	5	38.5
USGS	04108801	00060	2	1991	6	10.7
USGS	04108801	00060	2	1991	7	13.8
USGS	04108801	00060	2	1991	8	6.76
USGS	04108801	00060	2	1991	9	3.96
USGS	04108801	00060	2	1991	10	47.9
USGS	04108801	00060	2	1991	11	196.2
USGS	04108801	00060	2	1991	12	194.8
USGS	04108801	00060	2	1992	1	83.8
USGS	04108801	00060	2	1992	2	108.0
USGS	04108801	00060	2	1992	3	104.0
USGS	04108801	00060	2	1992	4	85.7
USGS	04108801	00060	2	1992	5	14.3
USGS	04108801	00060	2	1992	6	9.34
USGS	04108801	00060	2	1992	7	37.4
USGS	04108801	00060	2	1992	8	9.53
USGS	04108801	00060	2	1992	9	31.4
USGS	04108801	00060	2	1992	10	34.9
USGS	04108801	00060	2	1992	11	209.7
USGS	04108801	00060	2	1992	12	134.7
USGS	04108801	00060	2	1993	1	236.5
USGS	04108801	00060	2	1993	2	29.3
USGS	04108801	00060	2	1993	3	203.3
USGS	04108801	00060	2	1993	4	206.1
USGS	04108801	00060	2	1993	5	30.1
USGS	04108801	00060	2	1993	6	86.2
USGS	04108801	00060	2	1993	7	10.6
USGS	04108801	00060	2	1993	8	25.2
USGS	04108801	00060	2	1993	9	177.1
USGS	04108801	00060	2	1993	10	96.4
USGS	04108801	00060	2	1993	11	38.7
USGS	04108801	00060	2	1993	12	44.9
USGS	04108801	00060	2	1994	1	42.9
USGS	04108801	00060	2	1994	2	185.6
USGS	04108801	00060	2	1994	3	169.1
USGS	04108801	00060	2	1994	4	33.8
USGS	04108801	00060	2	1994	5	22.9
USGS	04108801	00060	2	1994	6	100.6
USGS	04108801	00060	2	1994	7	77.4
USGS	04108801	00060	2	1994	8	122.3
USGS	04108801	00060	2	1994	9	17.3
USGS	04108801	00060	2	1994	10	31.4
USGS	04108801	00060	2	1994	11	215.3
USGS	04108801	00060	2	1994	12	76.7
USGS	04108801	00060	2	1995	1	155.4
USGS	04108801	00060	2	1995	2	70.9
USGS	04108801	00060	2	1995	3	100.8
USGS	04108801	00060	2	1995	4	128.8
USGS	04108801	00060	2	1995	5	47.4
USGS	04108801	00060	2	1995	6	14.9
USGS	04108801	00060	2	1995	7	16.2
USGS	04108801	00060	2	1995	8	6.87
USGS	04108801	00060	2	1995	9	3.52
USGS	04108801	00060	2	1995	10	9.34
USGS	04108801	00060	2	1995	11	126.1
USGS	04108801	00060	2	1995	12	52.5
USGS	04108801	00060	2	1996	1	81.0
USGS	04108801	00060	2	1996	2	116.1
USGS	04108801	00060	2	1996	3	65.2
USGS	04108801	00060	2	1996	4	45.8
USGS	04108801	00060	2	1996	5	231.5
USGS	04108801	00060	2	1996	6	160.2
USGS	04108801	00060	2	1996	7	8.74
USGS	04108801	00060	2	1996	8	3.43
USGS	04108801	00060	2	1996	9	2.28
USGS	04108801	00060	2	1996	10	5.22
USGS	04108801	00060	2	1996	11	15.6
USGS	04108801	00060	2	1996	12	107.4
USGS	04108801	00060	2	1997	1	176.3
USGS	04108801	00060	2	1997	2	407.8
USGS	04108801	00060	2	1997	3	102.0
USGS	04108801	00060	2	1997	4	34.7
USGS	04108801	00060	2	1997	5	22.8
USGS	04108801	00060	2	1997	6	295.0
USGS	04108801	00060	2	1997	7	20.4
USGS	04108801	00060	2	1997	8	6.61
USGS	04108801	00060	2	1997	9	9.53
USGS	04108801	00060	2	1997	10	7.14
USGS	04108801	00060	2	1997	11	15.8
USGS	04108801	00060	2	1997	12	29.1
USGS	04108801	00060	2	1998	1	142.4
USGS	04108801	00060	2	1998	2	123.4
USGS	04108801	00060	2	1998	3	208.7
USGS	04108801	00060	2	1998	4	102.4
USGS	04108801	00060	2	1998	5	19.9
USGS	04108801	00060	2	1998	6	5.49
USGS	04108801	00060	2	1998	7	2.55
USGS	04108801	00060	2	1998	8	5.45
USGS	04108801	00060	2	1998	9	3.43
USGS	04108801	00060	2	1998	10	12.7
USGS	04108801	00060	2	1998	11	16.4
USGS	04108801	00060	2	1998	12	18.9
USGS	04108801	00060	2	1999	1	215.0
USGS	04108801	00060	2	1999	2	67.6
USGS	04108801	00060	2	1999	3	51.3
USGS	04108801	00060	2	1999	4	160.9
USGS	04108801	00060	2	1999	5	41.6
USGS	04108801	00060	2	1999	6	28.8
USGS	04108801	00060	2	1999	7	14.5
USGS	04108801	00060	2	1999	8	3.55
USGS	04108801	00060	2	1999	9	2.88
USGS	04108801	00060	2	1999	10	3.87
USGS	04108801	00060	2	1999	11	3.34
USGS	04108801	00060	2	1999	12	12.2
USGS	04108801	00060	2	2000	1	23.4
USGS	04108801	00060	2	2000	2	66.9
USGS	04108801	00060	2	2000	3	20.5
USGS	04108801	00060	2	2000	4	130.7
USGS	04108801	00060	2	2000	5	308.3
USGS	04108801	00060	2	2000	6	80.2
USGS	04108801	00060	2	2000	7	29.8
USGS	04108801	00060	2	2000	8	25.9
USGS	04108801	00060	2	2000	9	102.6
USGS	04108801	00060	2	2000	10	17.7
USGS	04108801	00060	2	2000	11	142.1
USGS	04108801	00060	2	2000	12	75.2
USGS	04108801	00060	2	2001	1	102.5
USGS	04108801	00060	2	2001	2	246.5
USGS	04108801	00060	2	2001	3	54.2
USGS	04108801	00060	2	2001	4	25.5
USGS	04108801	00060	2	2001	5	53.1
USGS	04108801	00060	2	2001	6	69.3
USGS	04108801	00060	2	2001	7	63.4
USGS	04108801	00060	2	2001	8	20.0
USGS	04108801	00060	2	2001	9	43.3
USGS	04108801	00060	2	2001	10	272.8
USGS	04108801	00060	2	2001	11	39.7
USGS	04108801	00060	2	2001	12	71.3
USGS	04108801	00060	2	2002	1	137.2
USGS	04108801	00060	2	2002	2	127.7
USGS	04108801	00060	2	2002	3	165.9
USGS	04108801	00060	2	2002	4	95.1
USGS	04108801	00060	2	2002	5	133.9
USGS	04108801	00060	2	2002	6	19.2
USGS	04108801	00060	2	2002	7	5.30
USGS	04108801	00060	2	2002	8	8.55
USGS	04108801	00060	2	2002	9	3.93
USGS	04108801	00060	2	2002	10	5.90
USGS	04108801	00060	2	2002	11	27.4
USGS	04108801	00060	2	2002	12	33.2
USGS	04108801	00060	2	2003	1	12.3
USGS	04108801	00060	2	2003	2	12.0
USGS	04108801	00060	2	2003	3	142.3
USGS	04108801	00060	2	2003	4	95.9
USGS	04108801	00060	2	2003	5	86.1
USGS	04108801	00060	2	2003	6	12.0
USGS	04108801	00060	2	2003	7	9.09
USGS	04108801	00060	2	2003	8	6.10
USGS	04108801	00060	2	2003	9	3.40
USGS	04108801	00060	2	2003	10	5.28
USGS	04108801	00060	2	2003	11	185.7
USGS	04108801	00060	2	2003	12	66.4
USGS	04108801	00060	2	2004	1	23.3
USGS	04108801	00060	2	2004	2	110.9
USGS	04108801	00060	2	2004	3	280.5
USGS	04108801	00060	2	2004	4	24.5
USGS	04108801	00060	2	2004	5	178.0
USGS	04108801	00060	2	2004	6	49.6
USGS	04108801	00060	2	2004	7	13.2
USGS	04108801	00060	2	2004	8	11.1
USGS	04108801	00060	2	2004	9	3.34
USGS	04108801	00060	2	2004	10	9.38
USGS	04108801	00060	2	2004	11	41.4
USGS	04108801	00060	2	2004	12	101.8
USGS	04108801	00060	2	2005	1	188.3
USGS	04108801	00060	2	2005	2	181.9
USGS	04108801	00060	2	2005	3	131.6
USGS	04108801	00060	2	2005	4	20.1
USGS	04108801	00060	2	2005	5	14.3
USGS	04108801	00060	2	2005	6	4.80
USGS	04108801	00060	2	2005	7	6.17
USGS	04108801	00060	2	2005	8	1.43
USGS	04108801	00060	2	2005	9	2.17
USGS	04108801	00060	2	2005	10	1.64
USGS	04108801	00060	2	2005	11	18.1
USGS	04108801	00060	2	2005	12	54.7
USGS	04108801	00060	2	2006	1	188.6
USGS	04108801	00060	2	2006	2	107.9
USGS	04108801	00060	2	2006	3	168.7
USGS	04108801	00060	2	2006	4	67.6
USGS	04108801	00060	2	2006	5	143.0
USGS	04108801	00060	2	2006	6	14.9
USGS	04108801	00060	2	2006	7	22.9
USGS	04108801	00060	2	2006	8	8.28
USGS	04108801	00060	2	2006	9	16.4
USGS	04108801	00060	2	2006	10	110.5
USGS	04108801	00060	2	2006	11	75.8
USGS	04108801	00060	2	2006	12	238.1
USGS	04108801	00060	2	2007	1	74.3
USGS	04108801	00060	2	2007	2	61.1
USGS	04108801	00060	2	2007	3	411.0
USGS	04108801	00060	2	2007	4	172.2
USGS	04108801	00060	2	2007	5	36.6
USGS	04108801	00060	2	2007	6	6.35
USGS	04108801	00060	2	2007	7	3.23
USGS	04108801	00060	2	2007	8	13.6
USGS	04108801	00060	2	2007	9	4.63
