#
#
# US Geological Survey, Water Resources Data
# retrieved: 2014-11-20 16:24:59 EST	(natwebcaas01)
#
# This file contains USGS Monthly Statistics
#
# Note:The statistics generated are based on approved daily-mean data and may not match those published by the USGS in official publications.
# The user is responsible for assessment and use of statistics from this site.
# For more details on why the statistics may not match, visit http://help.waterdata.usgs.gov/faq/about-statistics.
#
# Data heading explanations.
# agency_cd       -- agency code
# site_no         -- Site identification number
# parameter_cd    -- Parameter code
# station_nm      -- Site name
# loc_web_ds      -- Additional measurement description
#
# Data for the following 1 site(s) are contained in this file
# agency_cd   site_no      parameter_cd   station_nm (loc_web_ds)
# USGS        04118000     00060          THORNAPPLE RIVER NEAR CALEDONIA, MI
#
# Explanation of Parameter Codes
# parameter_cd	Parameter Name
# 00060         Discharge, cubic feet per second
#
# Data heading explanations.
# year_nu     ... Calendar year for value.
# month_nu    ... Month for value.
# mean_va     ... Mean of daily mean values for this month.
# count_nu    ... Number of values used in the calculation.
#
agency_cd	site_no	parameter_cd	dd_nu	loc_web_ds	year_nu	month_nu	mean_va	count_nu
# 5s	15s	5s	3n	15s	4s	2s	12n	8n
USGS	04118000	00060	1		1951	10	543.1	31
USGS	04118000	00060	1		1951	11	889.1	30
USGS	04118000	00060	1		1951	12	674.4	31
USGS	04118000	00060	1		1952	1	1435	31
USGS	04118000	00060	1		1952	2	890.0	29
USGS	04118000	00060	1		1952	3	1136	31
USGS	04118000	00060	1		1952	4	1474	30
USGS	04118000	00060	1		1952	5	753.2	31
USGS	04118000	00060	1		1952	6	492.0	30
USGS	04118000	00060	1		1952	7	330.1	31
USGS	04118000	00060	1		1952	8	343.1	31
USGS	04118000	00060	1		1952	9	266.9	30
USGS	04118000	00060	1		1952	10	261.9	31
USGS	04118000	00060	1		1952	11	373.9	30
USGS	04118000	00060	1		1952	12	475.6	31
USGS	04118000	00060	1		1953	1	434.2	31
USGS	04118000	00060	1		1953	2	479.1	28
USGS	04118000	00060	1		1953	3	795.2	31
USGS	04118000	00060	1		1953	4	660.0	30
USGS	04118000	00060	1		1953	5	583.6	31
USGS	04118000	00060	1		1953	6	312.8	30
USGS	04118000	00060	1		1953	7	200.6	31
USGS	04118000	00060	1		1953	8	208.9	31
USGS	04118000	00060	1		1953	9	170.7	30
USGS	04118000	00060	1		1953	10	201.7	31
USGS	04118000	00060	1		1953	11	239.8	30
USGS	04118000	00060	1		1953	12	262.8	31
USGS	04118000	00060	1		1954	1	244.3	31
USGS	04118000	00060	1		1954	2	689.7	28
USGS	04118000	00060	1		1954	3	964.1	31
USGS	04118000	00060	1		1954	4	920.3	30
USGS	04118000	00060	1		1954	5	494.9	31
USGS	04118000	00060	1		1954	6	570.2	30
USGS	04118000	00060	1		1954	7	308.3	31
USGS	04118000	00060	1		1954	8	230.7	31
USGS	04118000	00060	1		1954	9	196.2	30
USGS	04118000	00060	1		1954	10	1006	31
USGS	04118000	00060	1		1954	11	587.8	30
USGS	04118000	00060	1		1954	12	640.1	31
USGS	04118000	00060	1		1955	1	965.5	31
USGS	04118000	00060	1		1955	2	782.1	28
USGS	04118000	00060	1		1955	3	1255	31
USGS	04118000	00060	1		1955	4	689.9	30
USGS	04118000	00060	1		1955	5	431.8	31
USGS	04118000	00060	1		1955	6	477.2	30
USGS	04118000	00060	1		1955	7	250.1	31
USGS	04118000	00060	1		1955	8	204.8	31
USGS	04118000	00060	1		1955	9	203.2	30
USGS	04118000	00060	1		1955	10	291.9	31
USGS	04118000	00060	1		1955	11	451.5	30
USGS	04118000	00060	1		1955	12	424.2	31
USGS	04118000	00060	1		1956	1	274.3	31
USGS	04118000	00060	1		1956	2	343.7	29
USGS	04118000	00060	1		1956	3	1860	31
USGS	04118000	00060	1		1956	4	1138	30
USGS	04118000	00060	1		1956	5	2489	31
USGS	04118000	00060	1		1956	6	484.4	30
USGS	04118000	00060	1		1956	7	320.5	31
USGS	04118000	00060	1		1956	8	260.7	31
USGS	04118000	00060	1		1956	9	216.6	30
USGS	04118000	00060	1		1956	10	216.2	31
USGS	04118000	00060	1		1956	11	254.9	30
USGS	04118000	00060	1		1956	12	278.9	31
USGS	04118000	00060	1		1957	1	298.3	31
USGS	04118000	00060	1		1957	2	423.2	28
USGS	04118000	00060	1		1957	3	489.6	31
USGS	04118000	00060	1		1957	4	837.8	30
USGS	04118000	00060	1		1957	5	1633	31
USGS	04118000	00060	1		1957	6	476.5	30
USGS	04118000	00060	1		1957	7	733.4	31
USGS	04118000	00060	1		1957	8	241.7	31
USGS	04118000	00060	1		1957	9	258.3	30
USGS	04118000	00060	1		1957	10	331.7	31
USGS	04118000	00060	1		1957	11	654.9	30
USGS	04118000	00060	1		1957	12	612.5	31
USGS	04118000	00060	1		1958	1	449.8	31
USGS	04118000	00060	1		1958	2	445.6	28
USGS	04118000	00060	1		1958	3	960.1	31
USGS	04118000	00060	1		1958	4	531.9	30
USGS	04118000	00060	1		1958	5	290.8	31
USGS	04118000	00060	1		1958	6	276.9	30
USGS	04118000	00060	1		1958	7	262.7	31
USGS	04118000	00060	1		1958	8	321.7	31
USGS	04118000	00060	1		1958	9	250.7	30
USGS	04118000	00060	1		1958	10	253.0	31
USGS	04118000	00060	1		1958	11	280.0	30
USGS	04118000	00060	1		1958	12	265.4	31
USGS	04118000	00060	1		1959	1	252.0	31
USGS	04118000	00060	1		1959	2	354.8	28
USGS	04118000	00060	1		1959	3	1648	31
USGS	04118000	00060	1		1959	4	1124	30
USGS	04118000	00060	1		1959	5	579.9	31
USGS	04118000	00060	1		1959	6	251.9	30
USGS	04118000	00060	1		1959	7	192.5	31
USGS	04118000	00060	1		1959	8	237.9	31
USGS	04118000	00060	1		1959	9	199.7	30
USGS	04118000	00060	1		1959	10	454.6	31
USGS	04118000	00060	1		1959	11	655.8	30
USGS	04118000	00060	1		1959	12	639.0	31
USGS	04118000	00060	1		1960	1	1062	31
USGS	04118000	00060	1		1960	2	767.1	29
USGS	04118000	00060	1		1960	3	790.8	31
USGS	04118000	00060	1		1960	4	1846	30
USGS	04118000	00060	1		1960	5	877.6	31
USGS	04118000	00060	1		1960	6	749.6	30
USGS	04118000	00060	1		1960	7	352.8	31
USGS	04118000	00060	1		1960	8	303.3	31
USGS	04118000	00060	1		1960	9	225.7	30
USGS	04118000	00060	1		1960	10	222.9	31
USGS	04118000	00060	1		1960	11	289.8	30
USGS	04118000	00060	1		1960	12	262.6	31
USGS	04118000	00060	1		1961	1	253.0	31
USGS	04118000	00060	1		1961	2	342.6	28
USGS	04118000	00060	1		1961	3	620.0	31
USGS	04118000	00060	1		1961	4	818.9	30
USGS	04118000	00060	1		1961	5	529.6	31
USGS	04118000	00060	1		1961	6	268.7	30
USGS	04118000	00060	1		1961	7	199.5	31
USGS	04118000	00060	1		1961	8	220.8	31
USGS	04118000	00060	1		1961	9	243.9	30
USGS	04118000	00060	1		1961	10	250.8	31
USGS	04118000	00060	1		1961	11	321.8	30
USGS	04118000	00060	1		1961	12	323.4	31
USGS	04118000	00060	1		1962	1	308.3	31
USGS	04118000	00060	1		1962	2	336.0	28
USGS	04118000	00060	1		1962	3	1418	31
USGS	04118000	00060	1		1962	4	632.1	30
USGS	04118000	00060	1		1962	5	792.8	31
USGS	04118000	00060	1		1962	6	290.3	30
USGS	04118000	00060	1		1962	7	250.1	31
USGS	04118000	00060	1		1962	8	181.6	31
USGS	04118000	00060	1		1962	9	224.5	30
USGS	04118000	00060	1		1962	10	229.6	31
USGS	04118000	00060	1		1962	11	257.0	30
USGS	04118000	00060	1		1962	12	256.9	31
USGS	04118000	00060	1		1963	1	245.3	31
USGS	04118000	00060	1		1963	2	245.2	28
USGS	04118000	00060	1		1963	3	812.6	31
USGS	04118000	00060	1		1963	4	425.5	30
USGS	04118000	00060	1		1963	5	401.4	31
USGS	04118000	00060	1		1963	6	283.9	30
USGS	04118000	00060	1		1963	7	162.7	31
USGS	04118000	00060	1		1963	8	157.7	31
USGS	04118000	00060	1		1963	9	145.1	30
USGS	04118000	00060	1		1963	10	152.8	31
USGS	04118000	00060	1		1963	11	211.2	30
USGS	04118000	00060	1		1963	12	186.9	31
USGS	04118000	00060	1		1964	1	212.7	31
USGS	04118000	00060	1		1964	2	219.6	29
USGS	04118000	00060	1		1964	3	311.9	31
USGS	04118000	00060	1		1964	4	419.8	30
USGS	04118000	00060	1		1964	5	434.7	31
USGS	04118000	00060	1		1964	6	208.3	30
USGS	04118000	00060	1		1964	7	145.3	31
USGS	04118000	00060	1		1964	8	130.5	31
USGS	04118000	00060	1		1964	9	147.7	30
USGS	04118000	00060	1		1964	10	167.4	31
USGS	04118000	00060	1		1964	11	203.1	30
USGS	04118000	00060	1		1964	12	265.6	31
USGS	04118000	00060	1		1965	1	323.2	31
USGS	04118000	00060	1		1965	2	1138	28
USGS	04118000	00060	1		1965	3	1226	31
USGS	04118000	00060	1		1965	4	1629	30
USGS	04118000	00060	1		1965	5	341.8	31
USGS	04118000	00060	1		1965	6	262.2	30
USGS	04118000	00060	1		1965	7	166.0	31
USGS	04118000	00060	1		1965	8	177.5	31
USGS	04118000	00060	1		1965	9	267.9	30
USGS	04118000	00060	1		1965	10	286.8	31
USGS	04118000	00060	1		1965	11	272.2	30
USGS	04118000	00060	1		1965	12	711.4	31
USGS	04118000	00060	1		1966	1	641.4	31
USGS	04118000	00060	1		1966	2	745.6	28
USGS	04118000	00060	1		1966	3	1191	31
USGS	04118000	00060	1		1966	4	788.7	30
USGS	04118000	00060	1		1966	5	825.5	31
USGS	04118000	00060	1		1966	6	363.9	30
USGS	04118000	00060	1		1966	7	249.4	31
USGS	04118000	00060	1		1966	8	227.5	31
USGS	04118000	00060	1		1966	9	179.8	30
USGS	04118000	00060	1		1966	10	208.5	31
USGS	04118000	00060	1		1966	11	363.4	30
USGS	04118000	00060	1		1966	12	801.6	31
USGS	04118000	00060	1		1967	1	485.8	31
USGS	04118000	00060	1		1967	2	630.1	28
USGS	04118000	00060	1		1967	3	1340	31
USGS	04118000	00060	1		1967	4	1470	30
USGS	04118000	00060	1		1967	5	599.1	31
USGS	04118000	00060	1		1967	6	704.2	30
USGS	04118000	00060	1		1967	7	318.5	31
USGS	04118000	00060	1		1967	8	189.3	31
USGS	04118000	00060	1		1967	9	273.7	30
USGS	04118000	00060	1		1967	10	374.0	31
USGS	04118000	00060	1		1967	11	673.5	30
USGS	04118000	00060	1		1967	12	1106	31
USGS	04118000	00060	1		1968	1	538.9	31
USGS	04118000	00060	1		1968	2	1219	29
USGS	04118000	00060	1		1968	3	665.2	31
USGS	04118000	00060	1		1968	4	822.6	30
USGS	04118000	00060	1		1968	5	427.0	31
USGS	04118000	00060	1		1968	6	552.0	30
USGS	04118000	00060	1		1968	7	727.0	31
USGS	04118000	00060	1		1968	8	341.5	31
USGS	04118000	00060	1		1968	9	320.0	30
USGS	04118000	00060	1		1968	10	306.8	31
USGS	04118000	00060	1		1968	11	422.8	30
USGS	04118000	00060	1		1968	12	712.9	31
USGS	04118000	00060	1		1969	1	1020	31
USGS	04118000	00060	1		1969	2	1024	28
USGS	04118000	00060	1		1969	3	612.5	31
USGS	04118000	00060	1		1969	4	1277	30
USGS	04118000	00060	1		1969	5	976.1	31
USGS	04118000	00060	1		1969	6	740.5	30
USGS	04118000	00060	1		1969	7	530.3	31
USGS	04118000	00060	1		1969	8	316.4	31
USGS	04118000	00060	1		1969	9	229.4	30
USGS	04118000	00060	1		1969	10	333.9	31
USGS	04118000	00060	1		1969	11	451.9	30
USGS	04118000	00060	1		1969	12	366.1	31
USGS	04118000	00060	1		1970	1	290.8	31
USGS	04118000	00060	1		1970	2	385.4	28
USGS	04118000	00060	1		1970	3	708.3	31
USGS	04118000	00060	1		1970	4	1460	30
USGS	04118000	00060	1		1970	5	638.9	31
USGS	04118000	00060	1		1970	6	594.1	30
USGS	04118000	00060	1		1970	7	456.2	31
USGS	04118000	00060	1		1970	8	284.3	31
USGS	04118000	00060	1		1970	9	347.9	30
USGS	04118000	00060	1		1970	10	567.8	31
USGS	04118000	00060	1		1970	11	696.9	30
USGS	04118000	00060	1		1970	12	677.6	31
USGS	04118000	00060	1		1971	1	388.0	31
USGS	04118000	00060	1		1971	2	1180	28
USGS	04118000	00060	1		1971	3	1692	31
USGS	04118000	00060	1		1971	4	766.8	30
USGS	04118000	00060	1		1971	5	406.0	31
USGS	04118000	00060	1		1971	6	386.8	30
USGS	04118000	00060	1		1971	7	345.9	31
USGS	04118000	00060	1		1971	8	234.2	31
USGS	04118000	00060	1		1971	9	285.7	30
USGS	04118000	00060	1		1971	10	347.7	31
USGS	04118000	00060	1		1971	11	331.8	30
USGS	04118000	00060	1		1971	12	944.6	31
USGS	04118000	00060	1		1972	1	820.2	31
USGS	04118000	00060	1		1972	2	412.9	29
USGS	04118000	00060	1		1972	3	1601	31
USGS	04118000	00060	1		1972	4	1771	30
USGS	04118000	00060	1		1972	5	814.4	31
USGS	04118000	00060	1		1972	6	454.1	30
USGS	04118000	00060	1		1972	7	403.0	31
USGS	04118000	00060	1		1972	8	545.6	31
USGS	04118000	00060	1		1972	9	594.2	30
USGS	04118000	00060	1		1972	10	619.9	31
USGS	04118000	00060	1		1972	11	1017	30
USGS	04118000	00060	1		1972	12	1013	31
USGS	04118000	00060	1		1973	1	2065	31
USGS	04118000	00060	1		1973	2	791.8	28
USGS	04118000	00060	1		1973	3	1828	31
USGS	04118000	00060	1		1973	4	1526	30
USGS	04118000	00060	1		1973	5	1029	31
USGS	04118000	00060	1		1973	6	963.6	30
USGS	04118000	00060	1		1973	7	598.3	31
USGS	04118000	00060	1		1973	8	350.5	31
USGS	04118000	00060	1		1973	9	297.7	30
USGS	04118000	00060	1		1973	10	430.7	31
USGS	04118000	00060	1		1973	11	655.8	30
USGS	04118000	00060	1		1973	12	951.9	31
USGS	04118000	00060	1		1974	1	1804	31
USGS	04118000	00060	1		1974	2	1404	28
USGS	04118000	00060	1		1974	3	2416	31
USGS	04118000	00060	1		1974	4	1811	30
USGS	04118000	00060	1		1974	5	1089	31
USGS	04118000	00060	1		1974	6	700.6	30
USGS	04118000	00060	1		1974	7	380.5	31
USGS	04118000	00060	1		1974	8	361.8	31
USGS	04118000	00060	1		1974	9	330.9	30
USGS	04118000	00060	1		1974	10	370.3	31
USGS	04118000	00060	1		1974	11	572.5	30
USGS	04118000	00060	1		1974	12	545.8	31
USGS	04118000	00060	1		1975	1	1083	31
USGS	04118000	00060	1		1975	2	1007	28
USGS	04118000	00060	1		1975	3	1394	31
USGS	04118000	00060	1		1975	4	2244	30
USGS	04118000	00060	1		1975	5	1147	31
USGS	04118000	00060	1		1975	6	796.4	30
USGS	04118000	00060	1		1975	7	378.4	31
USGS	04118000	00060	1		1975	8	375.7	31
USGS	04118000	00060	1		1975	9	519.7	30
USGS	04118000	00060	1		1975	10	385.5	31
USGS	04118000	00060	1		1975	11	462.5	30
USGS	04118000	00060	1		1975	12	1308	31
USGS	04118000	00060	1		1976	1	539.1	31
USGS	04118000	00060	1		1976	2	1853	29
USGS	04118000	00060	1		1976	3	2098	31
USGS	04118000	00060	1		1976	4	1160	30
USGS	04118000	00060	1		1976	5	1267	31
USGS	04118000	00060	1		1976	6	516.7	30
USGS	04118000	00060	1		1976	7	447.0	31
USGS	04118000	00060	1		1976	8	284.6	31
USGS	04118000	00060	1		1976	9	262.0	30
USGS	04118000	00060	1		1976	10	336.3	31
USGS	04118000	00060	1		1976	11	336.1	30
USGS	04118000	00060	1		1976	12	323.2	31
USGS	04118000	00060	1		1977	1	327.1	31
USGS	04118000	00060	1		1977	2	378.2	28
USGS	04118000	00060	1		1977	3	1042	31
USGS	04118000	00060	1		1977	4	857.5	30
USGS	04118000	00060	1		1977	5	380.2	31
USGS	04118000	00060	1		1977	6	305.0	30
USGS	04118000	00060	1		1977	7	242.6	31
USGS	04118000	00060	1		1977	8	231.4	31
USGS	04118000	00060	1		1977	9	338.9	30
USGS	04118000	00060	1		1977	10	323.5	31
USGS	04118000	00060	1		1977	11	317.4	30
USGS	04118000	00060	1		1977	12	676.7	31
USGS	04118000	00060	1		1978	1	402.3	31
USGS	04118000	00060	1		1978	2	351.8	28
USGS	04118000	00060	1		1978	3	1169	31
USGS	04118000	00060	1		1978	4	1454	30
USGS	04118000	00060	1		1978	5	579.4	31
USGS	04118000	00060	1		1978	6	390.8	30
USGS	04118000	00060	1		1978	7	387.5	31
USGS	04118000	00060	1		1978	8	252.6	31
USGS	04118000	00060	1		1978	9	524.5	30
USGS	04118000	00060	1		1978	10	433.4	31
USGS	04118000	00060	1		1978	11	413.1	30
USGS	04118000	00060	1		1978	12	555.1	31
USGS	04118000	00060	1		1979	1	563.1	31
USGS	04118000	00060	1		1979	2	432.1	28
USGS	04118000	00060	1		1979	3	2237	31
USGS	04118000	00060	1		1979	4	1377	30
USGS	04118000	00060	1		1979	5	899.6	31
USGS	04118000	00060	1		1979	6	587.4	30
USGS	04118000	00060	1		1979	7	538.5	31
USGS	04118000	00060	1		1979	8	360.0	31
USGS	04118000	00060	1		1979	9	277.6	30
USGS	04118000	00060	1		1979	10	347.4	31
USGS	04118000	00060	1		1979	11	512.6	30
USGS	04118000	00060	1		1979	12	788.6	31
USGS	04118000	00060	1		1980	1	646.4	31
USGS	04118000	00060	1		1980	2	484.9	29
USGS	04118000	00060	1		1980	3	855.3	31
USGS	04118000	00060	1		1980	4	1182	30
USGS	04118000	00060	1		1980	5	590.3	31
USGS	04118000	00060	1		1980	6	729.0	30
USGS	04118000	00060	1		1980	7	383.9	31
USGS	04118000	00060	1		1980	8	652.1	31
USGS	04118000	00060	1		1980	9	559.1	30
USGS	04118000	00060	1		1980	10	441.1	31
USGS	04118000	00060	1		1980	11	427.4	30
USGS	04118000	00060	1		1980	12	853.8	31
USGS	04118000	00060	1		1981	1	408.1	31
USGS	04118000	00060	1		1981	2	1515	28
USGS	04118000	00060	1		1981	3	799.0	31
USGS	04118000	00060	1		1981	4	1498	30
USGS	04118000	00060	1		1981	5	1343	31
USGS	04118000	00060	1		1981	6	705.5	30
USGS	04118000	00060	1		1981	7	410.1	31
USGS	04118000	00060	1		1981	8	356.8	31
USGS	04118000	00060	1		1981	9	472.6	30
USGS	04118000	00060	1		1981	10	1010	31
USGS	04118000	00060	1		1981	11	553.1	30
USGS	04118000	00060	1		1981	12	502.9	31
USGS	04118000	00060	1		1982	1	538.8	31
USGS	04118000	00060	1		1982	2	443.5	28
USGS	04118000	00060	1		1982	3	2392	31
USGS	04118000	00060	1		1983	10	351.9	31
USGS	04118000	00060	1		1983	11	516.5	30
USGS	04118000	00060	1		1983	12	743.9	31
USGS	04118000	00060	1		1984	1	414.8	31
USGS	04118000	00060	1		1984	2	1058	29
USGS	04118000	00060	1		1984	3	984.5	31
USGS	04118000	00060	1		1984	4	929.3	30
USGS	04118000	00060	1		1984	5	729.8	31
USGS	04118000	00060	1		1984	6	515.4	30
USGS	04118000	00060	1		1984	7	267.3	31
USGS	04118000	00060	1		1984	8	209.6	31
USGS	04118000	00060	1		1984	9	276.1	30
USGS	04118000	00060	1		1984	10	340.0	31
USGS	04118000	00060	1		1984	11	455.2	30
USGS	04118000	00060	1		1984	12	635.6	31
USGS	04118000	00060	1		1985	1	954.0	31
USGS	04118000	00060	1		1985	2	1207	28
USGS	04118000	00060	1		1985	3	2821	31
USGS	04118000	00060	1		1985	4	2031	30
USGS	04118000	00060	1		1985	5	530.1	31
USGS	04118000	00060	1		1985	6	370.3	30
USGS	04118000	00060	1		1985	7	282.0	31
USGS	04118000	00060	1		1985	8	354.9	31
USGS	04118000	00060	1		1985	9	328.7	30
USGS	04118000	00060	1		1985	10	478.0	31
USGS	04118000	00060	1		1985	11	925.6	30
USGS	04118000	00060	1		1985	12	732.3	31
USGS	04118000	00060	1		1986	1	660.8	31
USGS	04118000	00060	1		1986	2	1012	28
USGS	04118000	00060	1		1986	3	2009	31
USGS	04118000	00060	1		1986	4	714.5	30
USGS	04118000	00060	1		1986	5	601.5	31
USGS	04118000	00060	1		1986	6	1639	30
USGS	04118000	00060	1		1986	7	742.2	31
USGS	04118000	00060	1		1986	8	384.0	31
USGS	04118000	00060	1		1986	9	758.8	30
USGS	04118000	00060	1		1986	10	2068	31
USGS	04118000	00060	1		1986	11	613.9	30
USGS	04118000	00060	1		1986	12	796.0	31
USGS	04118000	00060	1		1987	1	555.5	31
USGS	04118000	00060	1		1987	2	485.4	28
USGS	04118000	00060	1		1987	3	709.8	31
USGS	04118000	00060	1		1987	4	560.2	30
USGS	04118000	00060	1		1987	5	341.1	31
USGS	04118000	00060	1		1987	6	275.4	30
USGS	04118000	00060	1		1987	7	252.8	31
USGS	04118000	00060	1		1987	8	475.4	31
USGS	04118000	00060	1		1987	9	490.0	30
USGS	04118000	00060	1		1987	10	433.5	31
USGS	04118000	00060	1		1987	11	504.1	30
USGS	04118000	00060	1		1987	12	1429	31
USGS	04118000	00060	1		1988	1	945.5	31
USGS	04118000	00060	1		1988	2	1014	29
USGS	04118000	00060	1		1988	3	863.7	31
USGS	04118000	00060	1		1988	4	1268	30
USGS	04118000	00060	1		1988	5	430.5	31
USGS	04118000	00060	1		1988	6	249.1	30
USGS	04118000	00060	1		1988	7	218.1	31
USGS	04118000	00060	1		1988	8	232.9	31
USGS	04118000	00060	1		1988	9	507.4	30
USGS	04118000	00060	1		1988	10	563.8	31
USGS	04118000	00060	1		1988	11	1454	30
USGS	04118000	00060	1		1988	12	633.4	31
USGS	04118000	00060	1		1989	1	705.5	31
USGS	04118000	00060	1		1989	2	499.9	28
USGS	04118000	00060	1		1989	3	1101	31
USGS	04118000	00060	1		1989	4	918.7	30
USGS	04118000	00060	1		1989	5	494.9	31
USGS	04118000	00060	1		1989	6	1657	30
USGS	04118000	00060	1		1989	7	369.0	31
USGS	04118000	00060	1		1989	8	399.5	31
USGS	04118000	00060	1		1989	9	491.2	30
USGS	04118000	00060	1		1989	10	346.5	31
USGS	04118000	00060	1		1989	11	740.6	30
USGS	04118000	00060	1		1989	12	483.4	31
USGS	04118000	00060	1		1990	1	987.7	31
USGS	04118000	00060	1		1990	2	895.1	28
USGS	04118000	00060	1		1990	3	1618	31
USGS	04118000	00060	1		1990	4	898.5	30
USGS	04118000	00060	1		1990	5	822.7	31
USGS	04118000	00060	1		1990	6	410.9	30
USGS	04118000	00060	1		1990	7	395.7	31
USGS	04118000	00060	1		1990	8	390.9	31
USGS	04118000	00060	1		1990	9	378.1	30
USGS	04118000	00060	1		1990	10	1224	31
USGS	04118000	00060	1		1990	11	1718	30
USGS	04118000	00060	1		1990	12	1707	31
USGS	04118000	00060	1		1991	1	1108	31
USGS	04118000	00060	1		1991	2	966.1	28
USGS	04118000	00060	1		1991	3	1495	31
USGS	04118000	00060	1		1991	4	2089	30
USGS	04118000	00060	1		1991	5	785.2	31
USGS	04118000	00060	1		1991	6	453.4	30
USGS	04118000	00060	1		1991	7	375.9	31
USGS	04118000	00060	1		1991	8	372.7	31
USGS	04118000	00060	1		1991	9	316.6	30
USGS	04118000	00060	1		1991	10	504.9	31
USGS	04118000	00060	1		1991	11	787.6	30
USGS	04118000	00060	1		1991	12	1277	31
USGS	04118000	00060	1		1992	1	928.2	31
USGS	04118000	00060	1		1992	2	809.4	29
USGS	04118000	00060	1		1992	3	1117	31
USGS	04118000	00060	1		1992	4	1234	30
USGS	04118000	00060	1		1992	5	652.2	31
USGS	04118000	00060	1		1992	6	426.3	30
USGS	04118000	00060	1		1992	7	573.8	31
USGS	04118000	00060	1		1992	8	494.1	31
USGS	04118000	00060	1		1992	9	803.0	30
USGS	04118000	00060	1		1992	10	687.1	31
USGS	04118000	00060	1		1992	11	1456	30
USGS	04118000	00060	1		1992	12	816.4	31
USGS	04118000	00060	1		1993	1	1723	31
USGS	04118000	00060	1		1993	2	629.8	28
USGS	04118000	00060	1		1993	3	1427	31
USGS	04118000	00060	1		1993	4	2281	30
USGS	04118000	00060	1		1993	5	830.9	31
USGS	04118000	00060	1		1993	6	1146	30
USGS	04118000	00060	1		1993	7	594.3	31
USGS	04118000	00060	1		1993	8	459.1	31
USGS	04118000	00060	1		1993	9	813.1	30
USGS	04118000	00060	1		1993	10	1206	31
USGS	04118000	00060	1		1993	11	639.5	30
USGS	04118000	00060	1		1993	12	579.1	31
USGS	04118000	00060	1		1994	1	439.6	31
USGS	04118000	00060	1		1994	2	1185	28
USGS	04118000	00060	1		1994	3	1358	31
USGS	04118000	00060	1		1994	4	807.8	30
USGS	04118000	00060	1		1994	5	701.6	31
USGS	04118000	00060	1		1994	6	838.5	30
USGS	04118000	00060	1		1994	7	804.4	31
USGS	04118000	00060	1		1994	8	724.7	31
USGS	04118000	00060	1		1994	9	371.2	30
