#
#
# US Geological Survey, Water Resources Data
# retrieved: 2014-11-20 16:24:54 EST	(natwebcaas01)
#
# This file contains USGS Monthly Statistics
#
# Note:The statistics generated are based on approved daily-mean data and may not match those published by the USGS in official publications.
# The user is responsible for assessment and use of statistics from this site.
# For more details on why the statistics may not match, visit http://help.waterdata.usgs.gov/faq/about-statistics.
#
# Data heading explanations.
# agency_cd       -- agency code
# site_no         -- Site identification number
# parameter_cd    -- Parameter code
# station_nm      -- Site name
# loc_web_ds      -- Additional measurement description
#
# Data for the following 1 site(s) are contained in this file
# agency_cd   site_no      parameter_cd   station_nm (loc_web_ds)
# USGS        04114000     00060          GRAND RIVER AT PORTLAND, MI
#
# Explanation of Parameter Codes
# parameter_cd	Parameter Name
# 00060         Discharge, cubic feet per second
#
# Data heading explanations.
# year_nu     ... Calendar year for value.
# month_nu    ... Month for value.
# mean_va     ... Mean of daily mean values for this month.
# count_nu    ... Number of values used in the calculation.
#
agency_cd	site_no	parameter_cd	dd_nu	loc_web_ds	year_nu	month_nu	mean_va	count_nu
# 5s	15s	5s	3n	15s	4s	2s	12n	8n
USGS	04114000	00060	1		1952	9	255.7	30
USGS	04114000	00060	1		1952	10	255.7	31
USGS	04114000	00060	1		1952	11	478.3	30
USGS	04114000	00060	1		1952	12	589.0	31
USGS	04114000	00060	1		1953	1	612.4	31
USGS	04114000	00060	1		1953	2	586.8	28
USGS	04114000	00060	1		1953	3	1519	31
USGS	04114000	00060	1		1953	4	1305	30
USGS	04114000	00060	1		1953	5	1021	31
USGS	04114000	00060	1		1953	6	682.7	30
USGS	04114000	00060	1		1953	7	353.5	31
USGS	04114000	00060	1		1953	8	328.6	31
USGS	04114000	00060	1		1953	9	172.4	30
USGS	04114000	00060	1		1953	10	195.4	31
USGS	04114000	00060	1		1953	11	261.3	30
USGS	04114000	00060	1		1953	12	331.2	31
USGS	04114000	00060	1		1954	1	295.1	31
USGS	04114000	00060	1		1954	2	1635	28
USGS	04114000	00060	1		1954	3	2073	31
USGS	04114000	00060	1		1954	4	1926	30
USGS	04114000	00060	1		1954	5	833.2	31
USGS	04114000	00060	1		1954	6	1443	30
USGS	04114000	00060	1		1954	7	517.8	31
USGS	04114000	00060	1		1954	8	248.8	31
USGS	04114000	00060	1		1954	9	272.1	30
USGS	04114000	00060	1		1954	10	1271	31
USGS	04114000	00060	1		1954	11	815.6	30
USGS	04114000	00060	1		1954	12	896.9	31
USGS	04114000	00060	1		1955	1	1420	31
USGS	04114000	00060	1		1955	2	1133	28
USGS	04114000	00060	1		1955	3	2319	31
USGS	04114000	00060	1		1955	4	1146	30
USGS	04114000	00060	1		1955	5	602.2	31
USGS	04114000	00060	1		1955	6	545.9	30
USGS	04114000	00060	1		1955	7	339.2	31
USGS	04114000	00060	1		1955	8	244.8	31
USGS	04114000	00060	1		1955	9	167.3	30
USGS	04114000	00060	1		1955	10	345.9	31
USGS	04114000	00060	1		1955	11	625.0	30
USGS	04114000	00060	1		1955	12	472.5	31
USGS	04114000	00060	1		1956	1	278.6	31
USGS	04114000	00060	1		1956	2	511.4	29
USGS	04114000	00060	1		1956	3	2846	31
USGS	04114000	00060	1		1956	4	1790	30
USGS	04114000	00060	1		1956	5	4676	31
USGS	04114000	00060	1		1956	6	717.3	30
USGS	04114000	00060	1		1956	7	447.9	31
USGS	04114000	00060	1		1956	8	428.6	31
USGS	04114000	00060	1		1956	9	241.0	30
USGS	04114000	00060	1		1956	10	193.6	31
USGS	04114000	00060	1		1956	11	278.8	30
USGS	04114000	00060	1		1956	12	460.8	31
USGS	04114000	00060	1		1957	1	466.8	31
USGS	04114000	00060	1		1957	2	839.4	28
USGS	04114000	00060	1		1957	3	961.3	31
USGS	04114000	00060	1		1957	4	1468	30
USGS	04114000	00060	1		1957	5	1932	31
USGS	04114000	00060	1		1957	6	627.8	30
USGS	04114000	00060	1		1957	7	1172	31
USGS	04114000	00060	1		1957	8	247.6	31
USGS	04114000	00060	1		1957	9	290.8	30
USGS	04114000	00060	1		1957	10	445.7	31
USGS	04114000	00060	1		1957	11	862.7	30
USGS	04114000	00060	1		1957	12	1148	31
USGS	04114000	00060	1		1958	1	684.4	31
USGS	04114000	00060	1		1958	2	603.4	28
USGS	04114000	00060	1		1958	3	1345	31
USGS	04114000	00060	1		1958	4	847.8	30
USGS	04114000	00060	1		1958	5	372.5	31
USGS	04114000	00060	1		1958	6	344.1	30
USGS	04114000	00060	1		1958	7	472.1	31
USGS	04114000	00060	1		1958	8	304.1	31
USGS	04114000	00060	1		1958	9	229.0	30
USGS	04114000	00060	1		1958	10	310.6	31
USGS	04114000	00060	1		1958	11	358.1	30
USGS	04114000	00060	1		1958	12	271.6	31
USGS	04114000	00060	1		1959	1	252.3	31
USGS	04114000	00060	1		1959	2	707.5	28
USGS	04114000	00060	1		1959	3	3203	31
USGS	04114000	00060	1		1959	4	2187	30
USGS	04114000	00060	1		1959	5	986.6	31
USGS	04114000	00060	1		1959	6	456.9	30
USGS	04114000	00060	1		1959	7	310.9	31
USGS	04114000	00060	1		1959	8	391.3	31
USGS	04114000	00060	1		1959	9	300.9	30
USGS	04114000	00060	1		1959	10	1083	31
USGS	04114000	00060	1		1959	11	1326	30
USGS	04114000	00060	1		1959	12	1232	31
USGS	04114000	00060	1		1960	1	1702	31
USGS	04114000	00060	1		1960	2	1511	29
USGS	04114000	00060	1		1960	3	1354	31
USGS	04114000	00060	1		1960	4	2960	30
USGS	04114000	00060	1		1960	5	1176	31
USGS	04114000	00060	1		1960	6	1221	30
USGS	04114000	00060	1		1960	7	629.3	31
USGS	04114000	00060	1		1960	8	377.6	31
USGS	04114000	00060	1		1960	9	263.4	30
USGS	04114000	00060	1		1960	10	293.1	31
USGS	04114000	00060	1		1960	11	460.0	30
USGS	04114000	00060	1		1960	12	272.9	31
USGS	04114000	00060	1		1961	1	230.6	31
USGS	04114000	00060	1		1961	2	355.1	28
USGS	04114000	00060	1		1961	3	1177	31
USGS	04114000	00060	1		1961	4	1603	30
USGS	04114000	00060	1		1961	5	1146	31
USGS	04114000	00060	1		1961	6	454.4	30
USGS	04114000	00060	1		1961	7	251.7	31
USGS	04114000	00060	1		1961	8	324.4	31
USGS	04114000	00060	1		1961	9	489.3	30
USGS	04114000	00060	1		1961	10	368.9	31
USGS	04114000	00060	1		1961	11	528.0	30
USGS	04114000	00060	1		1961	12	573.1	31
USGS	04114000	00060	1		1962	1	477.1	31
USGS	04114000	00060	1		1962	2	520.7	28
USGS	04114000	00060	1		1962	3	2695	31
USGS	04114000	00060	1		1962	4	1215	30
USGS	04114000	00060	1		1962	5	806.7	31
USGS	04114000	00060	1		1962	6	358.1	30
USGS	04114000	00060	1		1962	7	285.9	31
USGS	04114000	00060	1		1962	8	206.7	31
USGS	04114000	00060	1		1962	9	255.6	30
USGS	04114000	00060	1		1962	10	301.2	31
USGS	04114000	00060	1		1962	11	289.0	30
USGS	04114000	00060	1		1962	12	263.2	31
USGS	04114000	00060	1		1963	1	183.5	31
USGS	04114000	00060	1		1963	2	186.1	28
USGS	04114000	00060	1		1963	3	1472	31
USGS	04114000	00060	1		1963	4	724.4	30
USGS	04114000	00060	1		1963	5	819.7	31
USGS	04114000	00060	1		1963	6	525.2	30
USGS	04114000	00060	1		1963	7	202.5	31
USGS	04114000	00060	1		1963	8	169.6	31
USGS	04114000	00060	1		1963	9	132.8	30
USGS	04114000	00060	1		1963	10	131.6	31
USGS	04114000	00060	1		1963	11	186.9	30
USGS	04114000	00060	1		1963	12	161.0	31
USGS	04114000	00060	1		1964	1	208.7	31
USGS	04114000	00060	1		1964	2	214.5	29
USGS	04114000	00060	1		1964	3	381.8	31
USGS	04114000	00060	1		1964	4	682.9	30
USGS	04114000	00060	1		1964	5	610.0	31
USGS	04114000	00060	1		1964	6	263.6	30
USGS	04114000	00060	1		1964	7	205.1	31
USGS	04114000	00060	1		1964	8	176.0	31
USGS	04114000	00060	1		1964	9	164.1	30
USGS	04114000	00060	1		1964	10	154.7	31
USGS	04114000	00060	1		1964	11	173.6	30
USGS	04114000	00060	1		1964	12	284.6	31
USGS	04114000	00060	1		1965	1	433.2	31
USGS	04114000	00060	1		1965	2	1652	28
USGS	04114000	00060	1		1965	3	1907	31
USGS	04114000	00060	1		1965	4	2297	30
USGS	04114000	00060	1		1965	5	507.7	31
USGS	04114000	00060	1		1965	6	324.9	30
USGS	04114000	00060	1		1965	7	154.7	31
USGS	04114000	00060	1		1965	8	166.4	31
USGS	04114000	00060	1		1965	9	272.2	30
USGS	04114000	00060	1		1965	10	250.4	31
USGS	04114000	00060	1		1965	11	292.6	30
USGS	04114000	00060	1		1965	12	825.5	31
USGS	04114000	00060	1		1966	1	802.1	31
USGS	04114000	00060	1		1966	2	667.1	28
USGS	04114000	00060	1		1966	3	1545	31
USGS	04114000	00060	1		1966	4	1188	30
USGS	04114000	00060	1		1966	5	1392	31
USGS	04114000	00060	1		1966	6	433.4	30
USGS	04114000	00060	1		1966	7	292.9	31
USGS	04114000	00060	1		1966	8	244.4	31
USGS	04114000	00060	1		1966	9	190.1	30
USGS	04114000	00060	1		1966	10	206.3	31
USGS	04114000	00060	1		1966	11	495.5	30
USGS	04114000	00060	1		1966	12	1211	31
USGS	04114000	00060	1		1967	1	667.7	31
USGS	04114000	00060	1		1967	2	1092	28
USGS	04114000	00060	1		1967	3	2258	31
USGS	04114000	00060	1		1967	4	2135	30
USGS	04114000	00060	1		1967	5	763.5	31
USGS	04114000	00060	1		1967	6	601.9	30
USGS	04114000	00060	1		1967	7	361.7	31
USGS	04114000	00060	1		1967	8	221.7	31
USGS	04114000	00060	1		1967	9	219.2	30
USGS	04114000	00060	1		1967	10	427.1	31
USGS	04114000	00060	1		1967	11	813.2	30
USGS	04114000	00060	1		1967	12	1577	31
USGS	04114000	00060	1		1968	1	841.9	31
USGS	04114000	00060	1		1968	2	2360	29
USGS	04114000	00060	1		1968	3	1097	31
USGS	04114000	00060	1		1968	4	1411	30
USGS	04114000	00060	1		1968	5	829.9	31
USGS	04114000	00060	1		1968	6	2195	30
USGS	04114000	00060	1		1968	7	2268	31
USGS	04114000	00060	1		1968	8	955.2	31
USGS	04114000	00060	1		1968	9	559.8	30
USGS	04114000	00060	1		1968	10	475.5	31
USGS	04114000	00060	1		1968	11	754.3	30
USGS	04114000	00060	1		1968	12	1275	31
USGS	04114000	00060	1		1969	1	1949	31
USGS	04114000	00060	1		1969	2	1626	28
USGS	04114000	00060	1		1969	3	1059	31
USGS	04114000	00060	1		1969	4	2753	30
USGS	04114000	00060	1		1969	5	2165	31
USGS	04114000	00060	1		1969	6	1480	30
USGS	04114000	00060	1		1969	7	1178	31
USGS	04114000	00060	1		1969	8	504.2	31
USGS	04114000	00060	1		1969	9	294.4	30
USGS	04114000	00060	1		1969	10	392.0	31
USGS	04114000	00060	1		1969	11	620.8	30
USGS	04114000	00060	1		1969	12	505.6	31
USGS	04114000	00060	1		1970	1	360.0	31
USGS	04114000	00060	1		1970	2	550.0	28
USGS	04114000	00060	1		1970	3	1113	31
USGS	04114000	00060	1		1970	4	2452	30
USGS	04114000	00060	1		1970	5	1441	31
USGS	04114000	00060	1		1970	6	1017	30
USGS	04114000	00060	1		1970	7	806.2	31
USGS	04114000	00060	1		1970	8	412.1	31
USGS	04114000	00060	1		1970	9	399.6	30
USGS	04114000	00060	1		1970	10	687.3	31
USGS	04114000	00060	1		1970	11	979.0	30
USGS	04114000	00060	1		1970	12	1094	31
USGS	04114000	00060	1		1971	1	548.2	31
USGS	04114000	00060	1		1971	2	2198	28
USGS	04114000	00060	1		1971	3	2694	31
USGS	04114000	00060	1		1971	4	1356	30
USGS	04114000	00060	1		1971	5	580.9	31
USGS	04114000	00060	1		1971	6	472.7	30
USGS	04114000	00060	1		1971	7	353.1	31
USGS	04114000	00060	1		1971	8	227.9	31
USGS	04114000	00060	1		1971	9	244.4	30
USGS	04114000	00060	1		1971	10	329.3	31
USGS	04114000	00060	1		1971	11	317.1	30
USGS	04114000	00060	1		1971	12	907.5	31
USGS	04114000	00060	1		1972	1	944.6	31
USGS	04114000	00060	1		1972	2	528.8	29
USGS	04114000	00060	1		1972	3	2034	31
USGS	04114000	00060	1		1972	4	2358	30
USGS	04114000	00060	1		1972	5	1263	31
USGS	04114000	00060	1		1972	6	543.4	30
USGS	04114000	00060	1		1972	7	429.2	31
USGS	04114000	00060	1		1972	8	462.1	31
USGS	04114000	00060	1		1972	9	637.4	30
USGS	04114000	00060	1		1972	10	759.5	31
USGS	04114000	00060	1		1972	11	1568	30
USGS	04114000	00060	1		1972	12	1630	31
USGS	04114000	00060	1		1973	1	2702	31
USGS	04114000	00060	1		1973	2	1175	28
USGS	04114000	00060	1		1973	3	3380	31
USGS	04114000	00060	1		1973	4	2634	30
USGS	04114000	00060	1		1973	5	1404	31
USGS	04114000	00060	1		1973	6	1379	30
USGS	04114000	00060	1		1973	7	602.4	31
USGS	04114000	00060	1		1973	8	708.8	31
USGS	04114000	00060	1		1973	9	338.6	30
USGS	04114000	00060	1		1973	10	489.8	31
USGS	04114000	00060	1		1973	11	890.7	30
USGS	04114000	00060	1		1973	12	1472	31
USGS	04114000	00060	1		1974	1	2673	31
USGS	04114000	00060	1		1974	2	2364	28
USGS	04114000	00060	1		1974	3	4202	31
USGS	04114000	00060	1		1974	4	3317	30
USGS	04114000	00060	1		1974	5	2208	31
USGS	04114000	00060	1		1974	6	936.5	30
USGS	04114000	00060	1		1974	7	392.3	31
USGS	04114000	00060	1		1974	8	368.1	31
USGS	04114000	00060	1		1974	9	294.4	30
USGS	04114000	00060	1		1974	10	312.1	31
USGS	04114000	00060	1		1974	11	537.3	30
USGS	04114000	00060	1		1974	12	651.2	31
USGS	04114000	00060	1		1975	1	1256	31
USGS	04114000	00060	1		1975	2	1468	28
USGS	04114000	00060	1		1975	3	1975	31
USGS	04114000	00060	1		1975	4	3936	30
USGS	04114000	00060	1		1975	5	1661	31
USGS	04114000	00060	1		1975	6	998.1	30
USGS	04114000	00060	1		1975	7	454.9	31
USGS	04114000	00060	1		1975	8	519.6	31
USGS	04114000	00060	1		1975	9	1433	30
USGS	04114000	00060	1		1975	10	487.1	31
USGS	04114000	00060	1		1975	11	663.1	30
USGS	04114000	00060	1		1975	12	1975	31
USGS	04114000	00060	1		1976	1	764.1	31
USGS	04114000	00060	1		1976	2	2947	29
USGS	04114000	00060	1		1976	3	3914	31
USGS	04114000	00060	1		1976	4	2067	30
USGS	04114000	00060	1		1976	5	1980	31
USGS	04114000	00060	1		1976	6	657.3	30
USGS	04114000	00060	1		1976	7	846.2	31
USGS	04114000	00060	1		1976	8	287.7	31
USGS	04114000	00060	1		1976	9	242.2	30
USGS	04114000	00060	1		1976	10	361.4	31
USGS	04114000	00060	1		1976	11	377.7	30
USGS	04114000	00060	1		1976	12	367.4	31
USGS	04114000	00060	1		1977	1	306.1	31
USGS	04114000	00060	1		1977	2	429.3	28
USGS	04114000	00060	1		1977	3	1569	31
USGS	04114000	00060	1		1977	4	1758	30
USGS	04114000	00060	1		1977	5	673.5	31
USGS	04114000	00060	1		1977	6	362.4	30
USGS	04114000	00060	1		1977	7	253.4	31
USGS	04114000	00060	1		1977	8	206.8	31
USGS	04114000	00060	1		1977	9	336.7	30
USGS	04114000	00060	1		1977	10	373.2	31
USGS	04114000	00060	1		1977	11	399.4	30
USGS	04114000	00060	1		1977	12	881.9	31
USGS	04114000	00060	1		1978	1	570.0	31
USGS	04114000	00060	1		1978	2	447.1	28
USGS	04114000	00060	1		1978	3	1917	31
USGS	04114000	00060	1		1978	4	2439	30
USGS	04114000	00060	1		1978	5	1085	31
USGS	04114000	00060	1		1978	6	466.3	30
USGS	04114000	00060	1		1978	7	317.8	31
USGS	04114000	00060	1		1978	8	248.4	31
USGS	04114000	00060	1		1978	9	311.2	30
USGS	04114000	00060	1		1978	10	316.1	31
USGS	04114000	00060	1		1978	11	399.0	30
USGS	04114000	00060	1		1978	12	553.3	31
USGS	04114000	00060	1		1979	1	578.8	31
USGS	04114000	00060	1		1979	2	455.4	28
USGS	04114000	00060	1		1979	3	2570	31
USGS	04114000	00060	1		1979	4	1971	30
USGS	04114000	00060	1		1979	5	1089	31
USGS	04114000	00060	1		1979	6	425.9	30
USGS	04114000	00060	1		1979	7	478.1	31
USGS	04114000	00060	1		1979	8	370.2	31
USGS	04114000	00060	1		1979	9	215.5	30
USGS	04114000	00060	1		1979	10	243.1	31
USGS	04114000	00060	1		1979	11	416.6	30
USGS	04114000	00060	1		1979	12	785.6	31
USGS	04114000	00060	1		1980	1	727.1	31
USGS	04114000	00060	1		1980	2	503.2	29
USGS	04114000	00060	1		1980	3	1407	31
USGS	04114000	00060	1		1980	4	2230	30
USGS	04114000	00060	1		1980	5	1109	31
USGS	04114000	00060	1		1980	6	1048	30
USGS	04114000	00060	1		1980	7	434.4	31
USGS	04114000	00060	1		1980	8	947.3	31
USGS	04114000	00060	1		1980	9	1025	30
USGS	04114000	00060	1		1980	10	679.5	31
USGS	04114000	00060	1		1980	11	579.3	30
USGS	04114000	00060	1		1980	12	1196	31
USGS	04114000	00060	1		1981	1	547.0	31
USGS	04114000	00060	1		1981	2	2190	28
USGS	04114000	00060	1		1981	3	1370	31
USGS	04114000	00060	1		1981	4	2132	30
USGS	04114000	00060	1		1981	5	1736	31
USGS	04114000	00060	1		1981	6	902.3	30
USGS	04114000	00060	1		1981	7	424.8	31
USGS	04114000	00060	1		1981	8	459.5	31
USGS	04114000	00060	1		1981	9	743.6	30
USGS	04114000	00060	1		1981	10	1766	31
USGS	04114000	00060	1		1981	11	946.9	30
USGS	04114000	00060	1		1981	12	736.4	31
USGS	04114000	00060	1		1982	1	670.0	31
USGS	04114000	00060	1		1982	2	594.1	28
USGS	04114000	00060	1		1982	3	3903	31
USGS	04114000	00060	1		1988	6	257.5	30
USGS	04114000	00060	1		1988	7	213.5	31
USGS	04114000	00060	1		1988	8	282.3	31
USGS	04114000	00060	1		1988	9	493.8	30
USGS	04114000	00060	1		1988	10	706.9	31
USGS	04114000	00060	1		1988	11	2187	30
USGS	04114000	00060	1		1988	12	1191	31
USGS	04114000	00060	1		1989	1	1218	31
USGS	04114000	00060	1		1989	2	843.4	28
USGS	04114000	00060	1		1989	3	1627	31
USGS	04114000	00060	1		1989	4	1805	30
USGS	04114000	00060	1		1989	5	977.1	31
USGS	04114000	00060	1		1989	6	2587	30
USGS	04114000	00060	1		1989	7	724.3	31
USGS	04114000	00060	1		1989	8	552.8	31
USGS	04114000	00060	1		1989	9	819.5	30
USGS	04114000	00060	1		1989	10	481.4	31
USGS	04114000	00060	1		1989	11	1175	30
USGS	04114000	00060	1		1989	12	636.2	31
USGS	04114000	00060	1		1990	1	1531	31
USGS	04114000	00060	1		1990	2	1649	28
USGS	04114000	00060	1		1990	3	2921	31
USGS	04114000	00060	1		1990	4	2007	30
USGS	04114000	00060	1		1990	5	1641	31
USGS	04114000	00060	1		1990	6	794.1	30
USGS	04114000	00060	1		1990	7	519.6	31
USGS	04114000	00060	1		1990	8	429.3	31
USGS	04114000	00060	1		1990	9	501.2	30
USGS	04114000	00060	1		1990	10	1313	31
USGS	04114000	00060	1		1990	11	1902	30
USGS	04114000	00060	1		1990	12	1948	31
USGS	04114000	00060	1		1991	1	1962	31
USGS	04114000	00060	1		1991	2	1639	28
USGS	04114000	00060	1		1991	3	2079	31
USGS	04114000	00060	1		1991	4	2397	30
USGS	04114000	00060	1		1991	5	1217	31
USGS	04114000	00060	1		1991	6	667.5	30
USGS	04114000	00060	1		1991	7	351.1	31
USGS	04114000	00060	1		1991	8	435.1	31
USGS	04114000	00060	1		1991	9	286.1	30
USGS	04114000	00060	1		1991	10	527.9	31
USGS	04114000	00060	1		1991	11	916.6	30
USGS	04114000	00060	1		1991	12	1685	31
USGS	04114000	00060	1		1992	1	1185	31
USGS	04114000	00060	1		1992	2	1241	29
USGS	04114000	00060	1		1992	3	1704	31
USGS	04114000	00060	1		1992	4	2156	30
USGS	04114000	00060	1		1992	5	1265	31
USGS	04114000	00060	1		1992	6	690.2	30
USGS	04114000	00060	1		1992	7	891.4	31
USGS	04114000	00060	1		1992	8	1297	31
USGS	04114000	00060	1		1992	9	1296	30
USGS	04114000	00060	1		1992	10	1378	31
USGS	04114000	00060	1		1992	11	2743	30
USGS	04114000	00060	1		1992	12	1635	31
USGS	04114000	00060	1		1993	1	2989	31
USGS	04114000	00060	1		1993	2	1226	28
USGS	04114000	00060	1		1993	3	2354	31
USGS	04114000	00060	1		1993	4	3419	30
USGS	04114000	00060	1		1993	5	1540	31
USGS	04114000	00060	1		1993	6	1801	30
USGS	04114000	00060	1		1993	7	1138	31
USGS	04114000	00060	1		1993	8	636.9	31
USGS	04114000	00060	1		1993	9	1104	30
USGS	04114000	00060	1		1993	10	1722	31
USGS	04114000	00060	1		1993	11	995.3	30
USGS	04114000	00060	1		1993	12	979.5	31
USGS	04114000	00060	1		1994	1	624.5	31
USGS	04114000	00060	1		1994	2	1660	28
USGS	04114000	00060	1		1994	3	2235	31
USGS	04114000	00060	1		1994	4	1767	30
USGS	04114000	00060	1		1994	5	1256	31
USGS	04114000	00060	1		1994	6	1405	30
USGS	04114000	00060	1		1994	7	1472	31
USGS	04114000	00060	1		1994	8	1159	31
USGS	04114000	00060	1		1994	9	550.7	30
USGS	04114000	00060	1		1994	10	842.8	31
USGS	04114000	00060	1		1994	11	1765	30
USGS	04114000	00060	1		1994	12	1738	31
USGS	04114000	00060	1		1995	1	1618	31
USGS	04114000	00060	1		1995	2	963.6	28
USGS	04114000	00060	1		1995	3	2216	31
USGS	04114000	00060	1		1995	4	1672	30
USGS	04114000	00060	1		1995	5	1195	31
USGS	04114000	00060	1		1995	6	630.3	30
USGS	04114000	00060	1		1995	7	554.2	31
USGS	04114000	00060	1		1995	8	897.2	31
USGS	04114000	00060	1		1995	9	359.4	30
USGS	04114000	00060	1		1995	10	432.7	31
USGS	04114000	00060	1		1995	11	1046	30
USGS	04114000	00060	1		1995	12	679.5	31
USGS	04114000	00060	1		1996	1	794.2	31
USGS	04114000	00060	1		1996	2	732.2	29
USGS	04114000	00060	1		1996	3	1069	31
USGS	04114000	00060	1		1996	4	1369	30
USGS	04114000	00060	1		1996	5	1703	31
USGS	04114000	00060	1		1996	6	1842	30
USGS	04114000	00060	1		1996	7	470.6	31
USGS	04114000	00060	1		1996	8	350.8	31
USGS	04114000	00060	1		1996	9	293.5	30
USGS	04114000	00060	1		1996	10	359.6	31
USGS	04114000	00060	1		1996	11	675.4	30
USGS	04114000	00060	1		1996	12	984.0	31
USGS	04114000	00060	1		1997	1	1132	31
USGS	04114000	00060	1		1997	2	2019	28
USGS	04114000	00060	1		1997	3	2475	31
USGS	04114000	00060	1		1997	4	1807	30
USGS	04114000	00060	1		1997	5	1256	31
USGS	04114000	00060	1		1997	6	896.3	30
USGS	04114000	00060	1		1997	7	524.8	31
USGS	04114000	00060	1		1997	8	459.4	31
USGS	04114000	00060	1		1997	9	744.3	30
USGS	04114000	00060	1		1997	10	492.9	31
USGS	04114000	00060	1		1997	11	739.4	30
USGS	04114000	00060	1		1997	12	818.4	31
USGS	04114000	00060	1		1998	1	2004	31
USGS	04114000	00060	1		1998	2	2362	28
USGS	04114000	00060	1		1998	3	3101	31
USGS	04114000	00060	1		1998	4	2220	30
USGS	04114000	00060	1		1998	5	1885	31
USGS	04114000	00060	1		1998	6	719.8	30
USGS	04114000	00060	1		1998	7	559.0	31
USGS	04114000	00060	1		1998	8	450.7	31
USGS	04114000	00060	1		1998	9	326.8	30
USGS	04114000	00060	1		1998	10	398.6	31
USGS	04114000	00060	1		1998	11	463.0	30
USGS	04114000	00060	1		1998	12	520.4	31
USGS	04114000	00060	1		1999	1	1150	31
USGS	04114000	00060	1		1999	2	1217	28
USGS	04114000	00060	1		1999	3	976.4	31
USGS	04114000	00060	1		1999	4	2240	30
USGS	04114000	00060	1		1999	5	984.6	31
USGS	04114000	00060	1		1999	6	489.7	30
USGS	04114000	00060	1		1999	7	607.2	31
USGS	04114000	00060	1		1999	8	307.3	31
USGS	04114000	00060	1		1999	9	205.8	30
USGS	04114000	00060	1		1999	10	259.5	31
USGS	04114000	00060	1		1999	11	300.9	30
USGS	04114000	00060	1		1999	12	468.2	31
USGS	04114000	00060	1		2000	1	413.5	31
USGS	04114000	00060	1		2000	2	506.1	29
USGS	04114000	00060	1		2000	3	706.5	31
USGS	04114000	00060	1		2000	4	1069	30
USGS	04114000	00060	1		2000	5	1896	31
USGS	04114000	00060	1		2000	6	1226	30
USGS	04114000	00060	1		2000	7	998.4	31
USGS	04114000	00060	1		2000	8	939.0	31
USGS	04114000	00060	1		2000	9	961.5	30
USGS	04114000	00060	1		2000	10	731.1	31
USGS	04114000	00060	1		2000	11	927.4	30
USGS	04114000	00060	1		2000	12	839.9	31
USGS	04114000	00060	1		2001	1	908.9	31
USGS	04114000	00060	1		2001	2	3655	28
USGS	04114000	00060	1		2001	3	2045	31
USGS	04114000	00060	1		2001	4	1464	30
USGS	04114000	00060	1		2001	5	1999	31
USGS	04114000	00060	1		2001	6	1385	30
USGS	04114000	00060	1		2001	7	388.9	31
USGS	04114000	00060	1		2001	8	281.5	31
USGS	04114000	00060	1		2001	9	450.0	30
USGS	04114000	00060	1		2001	10	1519	31
USGS	04114000	00060	1		2001	11	1283	30
USGS	04114000	00060	1		2001	12	1553	31
USGS	04114000	00060	1		2002	1	1040	31
USGS	04114000	00060	1		2002	2	1651	28
USGS	04114000	00060	1		2002	3	2065	31
USGS	04114000	00060	1		2002	4	1576	30
USGS	04114000	00060	1		2002	5	1526	31
USGS	04114000	00060	1		2002	6	785.9	30
USGS	04114000	00060	1		2002	7	441.0	31
USGS	04114000	00060	1		2002	8	398.6	31
USGS	04114000	00060	1		2002	9	235.1	30
USGS	04114000	00060	1		2002	10	242.3	31
USGS	04114000	00060	1		2002	11	318.7	30
USGS	04114000	00060	1		2002	12	341.4	31
USGS	04114000	00060	1		2003	1	342.6	31
USGS	04114000	00060	1		2003	2	301.2	28
USGS	04114000	00060	1		2003	3	892.5	31
USGS	04114000	00060	1		2003	4	1581	30
USGS	04114000	00060	1		2003	5	1252	31
USGS	04114000	00060	1		2003	6	655.6	30
USGS	04114000	00060	1		2003	7	318.7	31
USGS	04114000	00060	1		2003	8	264.4	31
USGS	04114000	00060	1		2003	9	274.6	30
USGS	04114000	00060	1		2003	10	383.1	31
USGS	04114000	00060	1		2003	11	1002	30
USGS	04114000	00060	1		2003	12	802.2	31
USGS	04114000	00060	1		2004	1	814.4	31
USGS	04114000	00060	1		2004	2	633.3	29
USGS	04114000	00060	1		2004	3	2174	31
USGS	04114000	00060	1		2004	4	895.2	30
USGS	04114000	00060	1		2004	5	3112	31
USGS	04114000	00060	1		2004	6	1786	30
USGS	04114000	00060	1		2004	7	858.7	31
USGS	04114000	00060	1		2004	8	573.7	31
USGS	04114000	00060	1		2004	9	381.3	30
USGS	04114000	00060	1		2004	10	402.4	31
USGS	04114000	00060	1		2004	11	829.7	30
USGS	04114000	00060	1		2004	12	1585	31
USGS	04114000	00060	1		2005	1	2645	31
USGS	04114000	00060	1		2005	2	2204	28
USGS	04114000	00060	1		2005	3	2124	31
USGS	04114000	00060	1		2005	4	1244	30
USGS	04114000	00060	1		2005	5	763.9	31
USGS	04114000	00060	1		2005	6	591.0	30
USGS	04114000	00060	1		2005	7	573.5	31
USGS	04114000	00060	1		2005	8	385.8	31
USGS	04114000	00060	1		2005	9	310.8	30
USGS	04114000	00060	1		2005	10	249.6	31
USGS	04114000	00060	1		2005	11	413.3	30
USGS	04114000	00060	1		2005	12	507.3	31
USGS	04114000	00060	1		2006	1	1634	31
USGS	04114000	00060	1		2006	2	1804	28
USGS	04114000	00060	1		2006	3	2136	31
USGS	04114000	00060	1		2006	4	1400	30
USGS	04114000	00060	1		2006	5	1903	31
USGS	04114000	00060	1		2006	6	892.0	30
USGS	04114000	00060	1		2006	7	580.9	31
USGS	04114000	00060	1		2006	8	464.1	31
USGS	04114000	00060	1		2006	9	565.8	30
USGS	04114000	00060	1		2006	10	863.0	31
USGS	04114000	00060	1		2006	11	1389	30
USGS	04114000	00060	1		2006	12	2141	31
USGS	04114000	00060	1		2007	1	2456	31
USGS	04114000	00060	1		2007	2	877.1	28
USGS	04114000	00060	1		2007	3	2489	31
USGS	04114000	00060	1		2007	4	1904	30
USGS	04114000	00060	1		2007	5	1646	31
USGS	04114000	00060	1		2007	6	1413	30
USGS	04114000	00060	1		2007	7	362.6	31
USGS	04114000	00060	1		2007	8	525.6	31
USGS	04114000	00060	1		2007	9	472.8	30
USGS	04114000	00060	1		2007	10	526.5	31
USGS	04114000	00060	1		2007	11	595.0	30
USGS	04114000	00060	1		2007	12	1225	31
USGS	04114000	00060	1		2008	1	2727	31
USGS	04114000	00060	1		2008	2	2382	29
USGS	04114000	00060	1		2008	3	2717	31
USGS	04114000	00060	1		2008	4	2761	30
USGS	04114000	00060	1		2008	5	974.4	31
USGS	04114000	00060	1		2008	6	1573	30
USGS	04114000	00060	1		2008	7	1061	31
USGS	04114000	00060	1		2008	8	323.8	31
USGS	04114000	00060	1		2008	9	2228	30
USGS	04114000	00060	1		2008	10	869.8	31
USGS	04114000	00060	1		2008	11	803.8	30
USGS	04114000	00060	1		2008	12	1673	31
USGS	04114000	00060	1		2009	1	1569	31
USGS	04114000	00060	1		2009	2	2565	28
USGS	04114000	00060	1		2009	3	3435	31
USGS	04114000	00060	1		2009	4	3430	30
USGS	04114000	00060	1		2009	5	2484	31
USGS	04114000	00060	1		2009	6	1988	30
USGS	04114000	00060	1		2009	7	839.9	31
USGS	04114000	00060	1		2009	8	730.3	31
USGS	04114000	00060	1		2009	9	468.5	30
USGS	04114000	00060	1		2009	10	728.8	31
USGS	04114000	00060	1		2009	11	852.8	30
USGS	04114000	00060	1		2009	12	1022	31
USGS	04114000	00060	1		2010	1	872.3	31
USGS	04114000	00060	1		2010	2	643.9	28
USGS	04114000	00060	1		2010	3	2036	31
USGS	04114000	00060	1		2010	4	1469	30
USGS	04114000	00060	1		2010	5	2082	31
USGS	04114000	00060	1		2010	6	2078	30
USGS	04114000	00060	1		2010	7	899.5	31
USGS	04114000	00060	1		2010	8	587.5	31
USGS	04114000	00060	1		2010	9	443.1	30
USGS	04114000	00060	1		2010	10	373.3	31
USGS	04114000	00060	1		2010	11	475.1	30
USGS	04114000	00060	1		2010	12	502.5	31
USGS	04114000	00060	1		2011	1	585.9	31
USGS	04114000	00060	1		2011	2	838.3	28
USGS	04114000	00060	1		2011	3	2780	31
USGS	04114000	00060	1		2011	4	2709	30
USGS	04114000	00060	1		2011	5	3609	31
USGS	04114000	00060	1		2011	6	1733	30
USGS	04114000	00060	1		2011	7	1219	31
USGS	04114000	00060	1		2011	8	1590	31
USGS	04114000	00060	1		2011	9	651.6	30
USGS	04114000	00060	1		2011	10	944.7	31
USGS	04114000	00060	1		2011	11	1020	30
USGS	04114000	00060	1		2011	12	2579	31
USGS	04114000	00060	1		2012	1	1932	31
USGS	04114000	00060	1		2012	2	1864	29
USGS	04114000	00060	1		2012	3	2454	31
USGS	04114000	00060	1		2012	4	1344	30
USGS	04114000	00060	1		2012	5	1203	31
USGS	04114000	00060	1		2012	6	455.3	30
USGS	04114000	00060	1		2012	7	257.2	31
USGS	04114000	00060	1		2012	8	290.2	31
USGS	04114000	00060	1		2012	9	266.7	30
USGS	04114000	00060	1		2012	10	369.4	31
USGS	04114000	00060	1		2012	11	368.6	30
USGS	04114000	00060	1		2012	12	495.0	31
USGS	04114000	00060	1		2013	1	767.6	31
USGS	04114000	00060	1		2013	2	1271	28
USGS	04114000	00060	1		2013	3	1278	31
USGS	04114000	00060	1		2013	4	3401	30
USGS	04114000	00060	1		2013	5	1498	31
USGS	04114000	00060	1		2013	6	1552	30
USGS	04114000	00060	1		2013	7	643.3	31
USGS	04114000	00060	1		2013	8	536.6	31
USGS	04114000	00060	1		2013	9	461.8	30
USGS	04114000	00060	1		2013	10	443.2	31
USGS	04114000	00060	1		2013	11	884.1	30
USGS	04114000	00060	1		2013	12	738.0	31
USGS	04114000	00060	1		2014	1	1061	31
USGS	04114000	00060	1		2014	2	728.0	28
USGS	04114000	00060	1		2014	3	2682	31
