#
#
# US Geological Survey, Water Resources Data
# retrieved: 2014-11-21 09:04:52 EST	(natwebsdas01)
#
# This file contains USGS Monthly Statistics
#
# Note:The statistics generated are based on approved daily-mean data and may not match those published by the USGS in official publications.
# The user is responsible for assessment and use of statistics from this site.
# For more details on why the statistics may not match, visit http://help.waterdata.usgs.gov/faq/about-statistics.
#
# Data heading explanations.
# agency_cd       -- agency code
# site_no         -- Site identification number
# parameter_cd    -- Parameter code
# station_nm      -- Site name
# loc_web_ds      -- Additional measurement description
#
# Data for the following 1 site(s) are contained in this file
# agency_cd   site_no      parameter_cd   station_nm (loc_web_ds)
# USGS        04119000     00060          GRAND RIVER AT GRAND RAPIDS, MI
#
# Explanation of Parameter Codes
# parameter_cd	Parameter Name
# 00060         Discharge, cubic feet per second
#
# Data heading explanations.
# year_nu     ... Calendar year for value.
# month_nu    ... Month for value.
# mean_va     ... Mean of daily mean values for this month.
# count_nu    ... Number of values used in the calculation.
#
agency_cd	site_no	parameter_cd	dd_nu	loc_web_ds	year_nu	month_nu	mean_va	count_nu
# 5s	15s	5s	3n	15s	4s	2s	12n	8n
USGS	04119000	00060	1		1901	3	10970	31
USGS	04119000	00060	1		1901	4	5760	30
USGS	04119000	00060	1		1901	5	2765	31
USGS	04119000	00060	1		1901	6	2103	30
USGS	04119000	00060	1		1901	7	3790	31
USGS	04119000	00060	1		1901	8	1708	31
USGS	04119000	00060	1		1901	9	1727	30
USGS	04119000	00060	1		1901	10	2109	31
USGS	04119000	00060	1		1901	11	1829	30
USGS	04119000	00060	1		1901	12	2733	31
USGS	04119000	00060	1		1902	1	1995	31
USGS	04119000	00060	1		1902	2	1762	28
USGS	04119000	00060	1		1902	3	5742	31
USGS	04119000	00060	1		1902	4	4236	30
USGS	04119000	00060	1		1902	5	4721	31
USGS	04119000	00060	1		1902	6	2914	30
USGS	04119000	00060	1		1902	7	6467	31
USGS	04119000	00060	1		1902	8	2031	31
USGS	04119000	00060	1		1902	9	1524	30
USGS	04119000	00060	1		1902	10	3300	31
USGS	04119000	00060	1		1902	11	3861	30
USGS	04119000	00060	1		1902	12	3999	31
USGS	04119000	00060	1		1903	1	5234	31
USGS	04119000	00060	1		1903	2	9342	28
USGS	04119000	00060	1		1903	3	11050	31
USGS	04119000	00060	1		1903	4	8776	30
USGS	04119000	00060	1		1903	5	2851	31
USGS	04119000	00060	1		1903	6	2267	30
USGS	04119000	00060	1		1903	7	1968	31
USGS	04119000	00060	1		1903	8	2171	31
USGS	04119000	00060	1		1903	9	4339	30
USGS	04119000	00060	1		1903	10	4690	31
USGS	04119000	00060	1		1903	11	2303	30
USGS	04119000	00060	1		1903	12	2626	31
USGS	04119000	00060	1		1904	1	2600	31
USGS	04119000	00060	1		1904	2	3300	29
USGS	04119000	00060	1		1904	3	21580	31
USGS	04119000	00060	1		1904	4	13450	30
USGS	04119000	00060	1		1904	5	4163	31
USGS	04119000	00060	1		1904	6	2141	30
USGS	04119000	00060	1		1904	7	1533	31
USGS	04119000	00060	1		1904	8	1314	31
USGS	04119000	00060	1		1904	9	1556	30
USGS	04119000	00060	1		1904	10	2511	31
USGS	04119000	00060	1		1904	11	1641	30
USGS	04119000	00060	1		1904	12	1752	31
USGS	04119000	00060	1		1905	1	2100	31
USGS	04119000	00060	1		1905	2	2200	28
USGS	04119000	00060	1		1905	3	8712	31
USGS	04119000	00060	1		1905	4	5818	30
USGS	04119000	00060	1		1905	5	5998	31
USGS	04119000	00060	1		1905	6	15670	30
USGS	04119000	00060	1		1905	7	3707	31
USGS	04119000	00060	1		1905	8	3205	31
USGS	04119000	00060	1		1905	9	2892	30
USGS	04119000	00060	1		1905	10	2813	31
USGS	04119000	00060	1		1905	11	3200	30
USGS	04119000	00060	1		1905	12	3068	31
USGS	04119000	00060	1		1930	10	944.7	31
USGS	04119000	00060	1		1930	11	1004	30
USGS	04119000	00060	1		1930	12	1139	31
USGS	04119000	00060	1		1931	1	1173	31
USGS	04119000	00060	1		1931	2	1691	28
USGS	04119000	00060	1		1931	3	1858	31
USGS	04119000	00060	1		1931	4	1759	30
USGS	04119000	00060	1		1931	5	1459	31
USGS	04119000	00060	1		1931	6	1574	30
USGS	04119000	00060	1		1931	7	981.5	31
USGS	04119000	00060	1		1931	8	666.7	31
USGS	04119000	00060	1		1931	9	964.5	30
USGS	04119000	00060	1		1931	10	948.4	31
USGS	04119000	00060	1		1931	11	1655	30
USGS	04119000	00060	1		1931	12	2154	31
USGS	04119000	00060	1		1932	1	4899	31
USGS	04119000	00060	1		1932	2	4418	29
USGS	04119000	00060	1		1932	3	3107	31
USGS	04119000	00060	1		1932	4	4191	30
USGS	04119000	00060	1		1932	5	4279	31
USGS	04119000	00060	1		1932	6	2291	30
USGS	04119000	00060	1		1932	7	1080	31
USGS	04119000	00060	1		1932	8	948.4	31
USGS	04119000	00060	1		1932	9	1404	30
USGS	04119000	00060	1		1932	10	1674	31
USGS	04119000	00060	1		1932	11	2545	30
USGS	04119000	00060	1		1932	12	3455	31
USGS	04119000	00060	1		1933	1	3805	31
USGS	04119000	00060	1		1933	2	3690	28
USGS	04119000	00060	1		1933	3	4628	31
USGS	04119000	00060	1		1933	4	8141	30
USGS	04119000	00060	1		1933	5	6924	31
USGS	04119000	00060	1		1933	6	1914	30
USGS	04119000	00060	1		1933	7	1421	31
USGS	04119000	00060	1		1933	8	1092	31
USGS	04119000	00060	1		1933	9	1064	30
USGS	04119000	00060	1		1933	10	1835	31
USGS	04119000	00060	1		1933	11	1804	30
USGS	04119000	00060	1		1933	12	2479	31
USGS	04119000	00060	1		1934	1	2696	31
USGS	04119000	00060	1		1934	2	1815	28
USGS	04119000	00060	1		1934	3	2835	31
USGS	04119000	00060	1		1934	4	5602	30
USGS	04119000	00060	1		1934	5	1687	31
USGS	04119000	00060	1		1934	6	929.7	30
USGS	04119000	00060	1		1934	7	649.6	31
USGS	04119000	00060	1		1934	8	616.5	31
USGS	04119000	00060	1		1934	9	1104	30
USGS	04119000	00060	1		1934	10	1066	31
USGS	04119000	00060	1		1934	11	1680	30
USGS	04119000	00060	1		1934	12	1769	31
USGS	04119000	00060	1		1935	1	2508	31
USGS	04119000	00060	1		1935	2	2650	28
USGS	04119000	00060	1		1935	3	10150	31
USGS	04119000	00060	1		1935	4	2694	30
USGS	04119000	00060	1		1935	5	2939	31
USGS	04119000	00060	1		1935	6	3442	30
USGS	04119000	00060	1		1935	7	2455	31
USGS	04119000	00060	1		1935	8	1719	31
USGS	04119000	00060	1		1935	9	1097	30
USGS	04119000	00060	1		1935	10	1237	31
USGS	04119000	00060	1		1935	11	2608	30
USGS	04119000	00060	1		1935	12	2160	31
USGS	04119000	00060	1		1936	1	1921	31
USGS	04119000	00060	1		1936	2	2140	29
USGS	04119000	00060	1		1936	3	9040	31
USGS	04119000	00060	1		1936	4	4051	30
USGS	04119000	00060	1		1936	5	2542	31
USGS	04119000	00060	1		1936	6	1173	30
USGS	04119000	00060	1		1936	7	781.4	31
USGS	04119000	00060	1		1936	8	664.9	31
USGS	04119000	00060	1		1936	9	1993	30
USGS	04119000	00060	1		1936	10	2138	31
USGS	04119000	00060	1		1936	11	1778	30
USGS	04119000	00060	1		1936	12	1848	31
USGS	04119000	00060	1		1937	1	3869	31
USGS	04119000	00060	1		1937	2	3634	28
USGS	04119000	00060	1		1937	3	3243	31
USGS	04119000	00060	1		1937	4	8623	30
USGS	04119000	00060	1		1937	5	5461	31
USGS	04119000	00060	1		1937	6	4407	30
USGS	04119000	00060	1		1937	7	3238	31
USGS	04119000	00060	1		1937	8	1381	31
USGS	04119000	00060	1		1937	9	1060	30
USGS	04119000	00060	1		1937	10	1395	31
USGS	04119000	00060	1		1937	11	1444	30
USGS	04119000	00060	1		1937	12	1598	31
USGS	04119000	00060	1		1938	1	2106	31
USGS	04119000	00060	1		1938	2	14720	28
USGS	04119000	00060	1		1938	3	6788	31
USGS	04119000	00060	1		1938	4	5217	30
USGS	04119000	00060	1		1938	5	3263	31
USGS	04119000	00060	1		1938	6	3068	30
USGS	04119000	00060	1		1938	7	1611	31
USGS	04119000	00060	1		1938	8	2444	31
USGS	04119000	00060	1		1938	9	1555	30
USGS	04119000	00060	1		1938	10	1216	31
USGS	04119000	00060	1		1938	11	1396	30
USGS	04119000	00060	1		1938	12	1588	31
USGS	04119000	00060	1		1939	1	1918	31
USGS	04119000	00060	1		1939	2	4800	28
USGS	04119000	00060	1		1939	3	6497	31
USGS	04119000	00060	1		1939	4	7915	30
USGS	04119000	00060	1		1939	5	2648	31
USGS	04119000	00060	1		1939	6	2717	30
USGS	04119000	00060	1		1939	7	1234	31
USGS	04119000	00060	1		1939	8	1644	31
USGS	04119000	00060	1		1939	9	1239	30
USGS	04119000	00060	1		1939	10	1276	31
USGS	04119000	00060	1		1939	11	1379	30
USGS	04119000	00060	1		1939	12	1386	31
USGS	04119000	00060	1		1940	1	1488	31
USGS	04119000	00060	1		1940	2	1374	29
USGS	04119000	00060	1		1940	3	3053	31
USGS	04119000	00060	1		1940	4	5243	30
USGS	04119000	00060	1		1940	5	2285	31
USGS	04119000	00060	1		1940	6	2935	30
USGS	04119000	00060	1		1940	7	1419	31
USGS	04119000	00060	1		1940	8	1565	31
USGS	04119000	00060	1		1940	9	2764	30
USGS	04119000	00060	1		1940	10	1788	31
USGS	04119000	00060	1		1940	11	2133	30
USGS	04119000	00060	1		1940	12	4501	31
USGS	04119000	00060	1		1941	1	5526	31
USGS	04119000	00060	1		1941	2	3210	28
USGS	04119000	00060	1		1941	3	5934	31
USGS	04119000	00060	1		1941	4	4596	30
USGS	04119000	00060	1		1941	5	2307	31
USGS	04119000	00060	1		1941	6	1671	30
USGS	04119000	00060	1		1941	7	1018	31
USGS	04119000	00060	1		1941	8	958.1	31
USGS	04119000	00060	1		1941	9	1067	30
USGS	04119000	00060	1		1941	10	2335	31
USGS	04119000	00060	1		1941	11	4552	30
USGS	04119000	00060	1		1941	12	2839	31
USGS	04119000	00060	1		1942	1	2681	31
USGS	04119000	00060	1		1942	2	2944	28
USGS	04119000	00060	1		1942	3	13550	31
USGS	04119000	00060	1		1942	4	4584	30
USGS	04119000	00060	1		1942	5	3453	31
USGS	04119000	00060	1		1942	6	4396	30
USGS	04119000	00060	1		1942	7	2021	31
USGS	04119000	00060	1		1942	8	1991	31
USGS	04119000	00060	1		1942	9	2583	30
USGS	04119000	00060	1		1942	10	2482	31
USGS	04119000	00060	1		1942	11	4774	30
USGS	04119000	00060	1		1942	12	4685	31
USGS	04119000	00060	1		1943	1	7935	31
USGS	04119000	00060	1		1943	2	10130	28
USGS	04119000	00060	1		1943	3	13800	31
USGS	04119000	00060	1		1943	4	4918	30
USGS	04119000	00060	1		1943	5	10380	31
USGS	04119000	00060	1		1943	6	9842	30
USGS	04119000	00060	1		1943	7	3176	31
USGS	04119000	00060	1		1943	8	1824	31
USGS	04119000	00060	1		1943	9	2069	30
USGS	04119000	00060	1		1943	10	1778	31
USGS	04119000	00060	1		1943	11	2684	30
USGS	04119000	00060	1		1943	12	1912	31
USGS	04119000	00060	1		1944	1	1631	31
USGS	04119000	00060	1		1944	2	3404	29
USGS	04119000	00060	1		1944	3	7098	31
USGS	04119000	00060	1		1944	4	7330	30
USGS	04119000	00060	1		1944	5	4535	31
USGS	04119000	00060	1		1944	6	2758	30
USGS	04119000	00060	1		1944	7	1387	31
USGS	04119000	00060	1		1944	8	1051	31
USGS	04119000	00060	1		1944	9	1171	30
USGS	04119000	00060	1		1944	10	1270	31
USGS	04119000	00060	1		1944	11	1307	30
USGS	04119000	00060	1		1944	12	1345	31
USGS	04119000	00060	1		1945	1	1335	31
USGS	04119000	00060	1		1945	2	1801	28
USGS	04119000	00060	1		1945	3	3390	31
USGS	04119000	00060	1		1945	4	3165	30
USGS	04119000	00060	1		1945	5	7840	31
USGS	04119000	00060	1		1945	6	4773	30
USGS	04119000	00060	1		1945	7	1784	31
USGS	04119000	00060	1		1945	8	1426	31
USGS	04119000	00060	1		1945	9	2115	30
USGS	04119000	00060	1		1945	10	4825	31
USGS	04119000	00060	1		1945	11	3260	30
USGS	04119000	00060	1		1945	12	2288	31
USGS	04119000	00060	1		1946	1	6655	31
USGS	04119000	00060	1		1946	2	3040	28
USGS	04119000	00060	1		1946	3	12320	31
USGS	04119000	00060	1		1946	4	2575	30
USGS	04119000	00060	1		1946	5	2254	31
USGS	04119000	00060	1		1946	6	2352	30
USGS	04119000	00060	1		1946	7	1226	31
USGS	04119000	00060	1		1946	8	1000	31
USGS	04119000	00060	1		1946	9	1037	30
USGS	04119000	00060	1		1946	10	991.9	31
USGS	04119000	00060	1		1946	11	1531	30
USGS	04119000	00060	1		1946	12	1602	31
USGS	04119000	00060	1		1947	1	2508	31
USGS	04119000	00060	1		1947	2	2444	28
USGS	04119000	00060	1		1947	3	5444	31
USGS	04119000	00060	1		1947	4	17900	30
USGS	04119000	00060	1		1947	5	8557	31
USGS	04119000	00060	1		1947	6	7298	30
USGS	04119000	00060	1		1947	7	1944	31
USGS	04119000	00060	1		1947	8	1286	31
USGS	04119000	00060	1		1947	9	2995	30
USGS	04119000	00060	1		1947	10	2055	31
USGS	04119000	00060	1		1947	11	2906	30
USGS	04119000	00060	1		1947	12	4263	31
USGS	04119000	00060	1		1948	1	2229	31
USGS	04119000	00060	1		1948	2	3779	29
USGS	04119000	00060	1		1948	3	17430	31
USGS	04119000	00060	1		1948	4	8604	30
USGS	04119000	00060	1		1948	5	9731	31
USGS	04119000	00060	1		1948	6	2524	30
USGS	04119000	00060	1		1948	7	2080	31
USGS	04119000	00060	1		1948	8	1365	31
USGS	04119000	00060	1		1948	9	1021	30
USGS	04119000	00060	1		1948	10	1226	31
USGS	04119000	00060	1		1948	11	1731	30
USGS	04119000	00060	1		1948	12	1747	31
USGS	04119000	00060	1		1949	1	3547	31
USGS	04119000	00060	1		1949	2	7889	28
USGS	04119000	00060	1		1949	3	4260	31
USGS	04119000	00060	1		1949	4	5517	30
USGS	04119000	00060	1		1949	5	2414	31
USGS	04119000	00060	1		1949	6	2217	30
USGS	04119000	00060	1		1949	7	1885	31
USGS	04119000	00060	1		1949	8	1236	31
USGS	04119000	00060	1		1949	9	1260	30
USGS	04119000	00060	1		1949	10	1390	31
USGS	04119000	00060	1		1949	11	1387	30
USGS	04119000	00060	1		1949	12	3678	31
USGS	04119000	00060	1		1950	1	7235	31
USGS	04119000	00060	1		1950	2	5188	28
USGS	04119000	00060	1		1950	3	11940	31
USGS	04119000	00060	1		1950	4	15260	30
USGS	04119000	00060	1		1950	5	5155	31
USGS	04119000	00060	1		1950	6	3604	30
USGS	04119000	00060	1		1950	7	2900	31
USGS	04119000	00060	1		1950	8	1863	31
USGS	04119000	00060	1		1950	9	3089	30
USGS	04119000	00060	1		1950	10	2036	31
USGS	04119000	00060	1		1950	11	2318	30
USGS	04119000	00060	1		1950	12	5101	31
USGS	04119000	00060	1		1951	1	6597	31
USGS	04119000	00060	1		1951	2	7736	28
USGS	04119000	00060	1		1951	3	7606	31
USGS	04119000	00060	1		1951	4	7485	30
USGS	04119000	00060	1		1951	5	4733	31
USGS	04119000	00060	1		1951	6	3033	30
USGS	04119000	00060	1		1951	7	1812	31
USGS	04119000	00060	1		1951	8	1694	31
USGS	04119000	00060	1		1951	9	1798	30
USGS	04119000	00060	1		1951	10	3112	31
USGS	04119000	00060	1		1951	11	5620	30
USGS	04119000	00060	1		1951	12	4490	31
USGS	04119000	00060	1		1952	1	9456	31
USGS	04119000	00060	1		1952	2	6381	29
USGS	04119000	00060	1		1952	3	8616	31
USGS	04119000	00060	1		1952	4	10220	30
USGS	04119000	00060	1		1952	5	4056	31
USGS	04119000	00060	1		1952	6	2618	30
USGS	04119000	00060	1		1952	7	1966	31
USGS	04119000	00060	1		1952	8	2085	31
USGS	04119000	00060	1		1952	9	1699	30
USGS	04119000	00060	1		1952	10	1457	31
USGS	04119000	00060	1		1952	11	2209	30
USGS	04119000	00060	1		1952	12	2992	31
USGS	04119000	00060	1		1953	1	2832	31
USGS	04119000	00060	1		1953	2	3251	28
USGS	04119000	00060	1		1953	3	5715	31
USGS	04119000	00060	1		1953	4	3892	30
USGS	04119000	00060	1		1953	5	3982	31
USGS	04119000	00060	1		1953	6	2063	30
USGS	04119000	00060	1		1953	7	1295	31
USGS	04119000	00060	1		1953	8	1330	31
USGS	04119000	00060	1		1953	9	964.0	30
USGS	04119000	00060	1		1953	10	1046	31
USGS	04119000	00060	1		1953	11	1361	30
USGS	04119000	00060	1		1953	12	1486	31
USGS	04119000	00060	1		1954	1	1339	31
USGS	04119000	00060	1		1954	2	4528	28
USGS	04119000	00060	1		1954	3	5806	31
USGS	04119000	00060	1		1954	4	6268	30
USGS	04119000	00060	1		1954	5	3615	31
USGS	04119000	00060	1		1954	6	3439	30
USGS	04119000	00060	1		1954	7	1810	31
USGS	04119000	00060	1		1954	8	1217	31
USGS	04119000	00060	1		1954	9	1178	30
USGS	04119000	00060	1		1954	10	4662	31
USGS	04119000	00060	1		1954	11	2781	30
USGS	04119000	00060	1		1954	12	3080	31
USGS	04119000	00060	1		1955	1	4934	31
USGS	04119000	00060	1		1955	2	3704	28
USGS	04119000	00060	1		1955	3	8189	31
USGS	04119000	00060	1		1955	4	4423	30
USGS	04119000	00060	1		1955	5	2763	31
USGS	04119000	00060	1		1955	6	2702	30
USGS	04119000	00060	1		1955	7	1307	31
USGS	04119000	00060	1		1955	8	1118	31
USGS	04119000	00060	1		1955	9	1265	30
USGS	04119000	00060	1		1955	10	1502	31
USGS	04119000	00060	1		1955	11	2231	30
USGS	04119000	00060	1		1955	12	2187	31
USGS	04119000	00060	1		1956	1	1369	31
USGS	04119000	00060	1		1956	2	1764	29
USGS	04119000	00060	1		1956	3	9544	31
USGS	04119000	00060	1		1956	4	6860	30
USGS	04119000	00060	1		1956	5	15650	31
USGS	04119000	00060	1		1956	6	3165	30
USGS	04119000	00060	1		1956	7	1943	31
USGS	04119000	00060	1		1956	8	2068	31
USGS	04119000	00060	1		1956	9	1445	30
USGS	04119000	00060	1		1956	10	1214	31
USGS	04119000	00060	1		1956	11	1526	30
USGS	04119000	00060	1		1956	12	1825	31
USGS	04119000	00060	1		1957	1	1710	31
USGS	04119000	00060	1		1957	2	2978	28
USGS	04119000	00060	1		1957	3	3799	31
USGS	04119000	00060	1		1957	4	4885	30
USGS	04119000	00060	1		1957	5	7566	31
USGS	04119000	00060	1		1957	6	2823	30
USGS	04119000	00060	1		1957	7	5048	31
USGS	04119000	00060	1		1957	8	1347	31
USGS	04119000	00060	1		1957	9	1282	30
USGS	04119000	00060	1		1957	10	1774	31
USGS	04119000	00060	1		1957	11	3880	30
USGS	04119000	00060	1		1957	12	3757	31
USGS	04119000	00060	1		1958	1	2837	31
USGS	04119000	00060	1		1958	2	2071	28
USGS	04119000	00060	1		1958	3	5690	31
USGS	04119000	00060	1		1958	4	2674	30
USGS	04119000	00060	1		1958	5	1737	31
USGS	04119000	00060	1		1958	6	1390	30
USGS	04119000	00060	1		1958	7	1569	31
USGS	04119000	00060	1		1958	8	1353	31
USGS	04119000	00060	1		1958	9	1159	30
USGS	04119000	00060	1		1958	10	1371	31
USGS	04119000	00060	1		1958	11	1621	30
USGS	04119000	00060	1		1958	12	1292	31
USGS	04119000	00060	1		1959	1	1213	31
USGS	04119000	00060	1		1959	2	2182	28
USGS	04119000	00060	1		1959	3	10230	31
USGS	04119000	00060	1		1959	4	9066	30
USGS	04119000	00060	1		1959	5	3868	31
USGS	04119000	00060	1		1959	6	1640	30
USGS	04119000	00060	1		1959	7	1131	31
USGS	04119000	00060	1		1959	8	1512	31
USGS	04119000	00060	1		1959	9	1248	30
USGS	04119000	00060	1		1959	10	2562	31
USGS	04119000	00060	1		1959	11	3927	30
USGS	04119000	00060	1		1959	12	4103	31
USGS	04119000	00060	1		1960	1	5913	31
USGS	04119000	00060	1		1960	2	4631	29
USGS	04119000	00060	1		1960	3	3513	31
USGS	04119000	00060	1		1960	4	12890	30
USGS	04119000	00060	1		1960	5	4980	31
USGS	04119000	00060	1		1960	6	3632	30
USGS	04119000	00060	1		1960	7	1932	31
USGS	04119000	00060	1		1960	8	1713	31
USGS	04119000	00060	1		1960	9	1354	30
USGS	04119000	00060	1		1960	10	1246	31
USGS	04119000	00060	1		1960	11	1865	30
USGS	04119000	00060	1		1960	12	1299	31
USGS	04119000	00060	1		1961	1	1159	31
USGS	04119000	00060	1		1961	2	1592	28
USGS	04119000	00060	1		1961	3	4052	31
USGS	04119000	00060	1		1961	4	4977	30
USGS	04119000	00060	1		1961	5	3748	31
USGS	04119000	00060	1		1961	6	1651	30
USGS	04119000	00060	1		1961	7	1145	31
USGS	04119000	00060	1		1961	8	1369	31
USGS	04119000	00060	1		1961	9	1966	30
USGS	04119000	00060	1		1961	10	1793	31
USGS	04119000	00060	1		1961	11	2234	30
USGS	04119000	00060	1		1961	12	2169	31
USGS	04119000	00060	1		1962	1	1862	31
USGS	04119000	00060	1		1962	2	2100	28
USGS	04119000	00060	1		1962	3	9369	31
USGS	04119000	00060	1		1962	4	4662	30
USGS	04119000	00060	1		1962	5	4640	31
USGS	04119000	00060	1		1962	6	1686	30
USGS	04119000	00060	1		1962	7	1272	31
USGS	04119000	00060	1		1962	8	968.5	31
USGS	04119000	00060	1		1962	9	1081	30
USGS	04119000	00060	1		1962	10	1343	31
USGS	04119000	00060	1		1962	11	1222	30
USGS	04119000	00060	1		1962	12	1224	31
USGS	04119000	00060	1		1963	1	1069	31
USGS	04119000	00060	1		1963	2	1079	28
USGS	04119000	00060	1		1963	3	4514	31
USGS	04119000	00060	1		1963	4	2886	30
USGS	04119000	00060	1		1963	5	3062	31
USGS	04119000	00060	1		1963	6	1849	30
USGS	04119000	00060	1		1963	7	908.1	31
USGS	04119000	00060	1		1963	8	972.2	31
USGS	04119000	00060	1		1963	9	1011	30
USGS	04119000	00060	1		1963	10	976.1	31
USGS	04119000	00060	1		1963	11	1255	30
USGS	04119000	00060	1		1963	12	1080	31
USGS	04119000	00060	1		1964	1	1246	31
USGS	04119000	00060	1		1964	2	1394	29
USGS	04119000	00060	1		1964	3	2228	31
USGS	04119000	00060	1		1964	4	3443	30
USGS	04119000	00060	1		1964	5	3328	31
USGS	04119000	00060	1		1964	6	1423	30
USGS	04119000	00060	1		1964	7	1127	31
USGS	04119000	00060	1		1964	8	1011	31
USGS	04119000	00060	1		1964	9	948.7	30
USGS	04119000	00060	1		1964	10	906.4	31
USGS	04119000	00060	1		1964	11	1030	30
USGS	04119000	00060	1		1964	12	1478	31
USGS	04119000	00060	1		1965	1	1801	31
USGS	04119000	00060	1		1965	2	6003	28
USGS	04119000	00060	1		1965	3	7336	31
USGS	04119000	00060	1		1965	4	10860	30
USGS	04119000	00060	1		1965	5	2519	31
USGS	04119000	00060	1		1965	6	1537	30
USGS	04119000	00060	1		1965	7	785.0	31
USGS	04119000	00060	1		1965	8	1019	31
USGS	04119000	00060	1		1965	9	1897	30
USGS	04119000	00060	1		1965	10	1746	31
USGS	04119000	00060	1		1965	11	1692	30
USGS	04119000	00060	1		1965	12	4122	31
USGS	04119000	00060	1		1966	1	3438	31
USGS	04119000	00060	1		1966	2	3732	28
USGS	04119000	00060	1		1966	3	6396	31
USGS	04119000	00060	1		1966	4	4633	30
USGS	04119000	00060	1		1966	5	4755	31
USGS	04119000	00060	1		1966	6	1889	30
USGS	04119000	00060	1		1966	7	1364	31
USGS	04119000	00060	1		1966	8	1241	31
USGS	04119000	00060	1		1966	9	1040	30
USGS	04119000	00060	1		1966	10	1205	31
USGS	04119000	00060	1		1966	11	2196	30
USGS	04119000	00060	1		1966	12	4773	31
USGS	04119000	00060	1		1967	1	2344	31
USGS	04119000	00060	1		1967	2	3455	28
USGS	04119000	00060	1		1967	3	6992	31
USGS	04119000	00060	1		1967	4	11790	30
USGS	04119000	00060	1		1967	5	4115	31
USGS	04119000	00060	1		1967	6	3525	30
USGS	04119000	00060	1		1967	7	2196	31
USGS	04119000	00060	1		1967	8	1436	31
USGS	04119000	00060	1		1967	9	1289	30
USGS	04119000	00060	1		1967	10	1879	31
USGS	04119000	00060	1		1967	11	3567	30
USGS	04119000	00060	1		1967	12	5413	31
USGS	04119000	00060	1		1968	1	2803	31
USGS	04119000	00060	1		1968	2	8311	29
USGS	04119000	00060	1		1968	3	3728	31
USGS	04119000	00060	1		1968	4	5201	30
USGS	04119000	00060	1		1968	5	3091	31
USGS	04119000	00060	1		1968	6	4311	30
USGS	04119000	00060	1		1968	7	5852	31
USGS	04119000	00060	1		1968	8	2109	31
USGS	04119000	00060	1		1968	9	1669	30
USGS	04119000	00060	1		1968	10	1691	31
USGS	04119000	00060	1		1968	11	2251	30
USGS	04119000	00060	1		1968	12	3379	31
USGS	04119000	00060	1		1969	1	4756	31
USGS	04119000	00060	1		1969	2	5565	28
USGS	04119000	00060	1		1969	3	3733	31
USGS	04119000	00060	1		1969	4	7510	30
USGS	04119000	00060	1		1969	5	6518	31
USGS	04119000	00060	1		1969	6	3996	30
USGS	04119000	00060	1		1969	7	3621	31
USGS	04119000	00060	1		1969	8	1755	31
USGS	04119000	00060	1		1969	9	1062	30
USGS	04119000	00060	1		1969	10	1770	31
USGS	04119000	00060	1		1969	11	2269	30
USGS	04119000	00060	1		1969	12	1987	31
USGS	04119000	00060	1		1970	1	1586	31
USGS	04119000	00060	1		1970	2	2034	28
USGS	04119000	00060	1		1970	3	4314	31
USGS	04119000	00060	1		1970	4	7760	30
USGS	04119000	00060	1		1970	5	4426	31
USGS	04119000	00060	1		1970	6	3771	30
USGS	04119000	00060	1		1970	7	2348	31
USGS	04119000	00060	1		1970	8	1541	31
USGS	04119000	00060	1		1970	9	2437	30
USGS	04119000	00060	1		1970	10	3507	31
USGS	04119000	00060	1		1970	11	4673	30
USGS	04119000	00060	1		1970	12	4417	31
USGS	04119000	00060	1		1971	1	2903	31
USGS	04119000	00060	1		1971	2	5523	28
USGS	04119000	00060	1		1971	3	10880	31
USGS	04119000	00060	1		1971	4	5513	30
USGS	04119000	00060	1		1971	5	2651	31
USGS	04119000	00060	1		1971	6	2029	30
USGS	04119000	00060	1		1971	7	1282	31
USGS	04119000	00060	1		1971	8	1030	31
USGS	04119000	00060	1		1971	9	1411	30
USGS	04119000	00060	1		1971	10	1515	31
USGS	04119000	00060	1		1971	11	1464	30
USGS	04119000	00060	1		1971	12	4658	31
USGS	04119000	00060	1		1972	1	4445	31
USGS	04119000	00060	1		1972	2	2624	29
USGS	04119000	00060	1		1972	3	8095	31
USGS	04119000	00060	1		1972	4	9432	30
USGS	04119000	00060	1		1972	5	4644	31
USGS	04119000	00060	1		1972	6	2565	30
USGS	04119000	00060	1		1972	7	2185	31
USGS	04119000	00060	1		1972	8	2811	31
USGS	04119000	00060	1		1972	9	3199	30
USGS	04119000	00060	1		1972	10	3475	31
USGS	04119000	00060	1		1972	11	5640	30
USGS	04119000	00060	1		1972	12	5176	31
USGS	04119000	00060	1		1973	1	12020	31
USGS	04119000	00060	1		1973	2	4715	28
USGS	04119000	00060	1		1973	3	11190	31
USGS	04119000	00060	1		1973	4	9377	30
USGS	04119000	00060	1		1973	5	6504	31
USGS	04119000	00060	1		1973	6	5686	30
USGS	04119000	00060	1		1973	7	2551	31
USGS	04119000	00060	1		1973	8	2173	31
USGS	04119000	00060	1		1973	9	1619	30
USGS	04119000	00060	1		1973	10	2016	31
USGS	04119000	00060	1		1973	11	3382	30
USGS	04119000	00060	1		1973	12	4830	31
USGS	04119000	00060	1		1974	1	8693	31
USGS	04119000	00060	1		1974	2	8525	28
USGS	04119000	00060	1		1974	3	14290	31
USGS	04119000	00060	1		1974	4	10690	30
USGS	04119000	00060	1		1974	5	7633	31
USGS	04119000	00060	1		1974	6	4389	30
USGS	04119000	00060	1		1974	7	2032	31
USGS	04119000	00060	1		1974	8	1844	31
USGS	04119000	00060	1		1974	9	1607	30
USGS	04119000	00060	1		1974	10	1935	31
USGS	04119000	00060	1		1974	11	2762	30
USGS	04119000	00060	1		1974	12	2741	31
USGS	04119000	00060	1		1975	1	5772	31
USGS	04119000	00060	1		1975	2	5168	28
USGS	04119000	00060	1		1975	3	7913	31
USGS	04119000	00060	1		1975	4	10880	30
USGS	04119000	00060	1		1975	5	5991	31
USGS	04119000	00060	1		1975	6	4184	30
USGS	04119000	00060	1		1975	7	2076	31
USGS	04119000	00060	1		1975	8	2993	31
USGS	04119000	00060	1		1975	9	7600	30
USGS	04119000	00060	1		1975	10	2629	31
USGS	04119000	00060	1		1975	11	3431	30
USGS	04119000	00060	1		1975	12	8126	31
USGS	04119000	00060	1		1976	1	3347	31
USGS	04119000	00060	1		1976	2	9682	29
USGS	04119000	00060	1		1976	3	15080	31
USGS	04119000	00060	1		1976	4	7867	30
USGS	04119000	00060	1		1976	5	8996	31
USGS	04119000	00060	1		1976	6	2953	30
USGS	04119000	00060	1		1976	7	3273	31
USGS	04119000	00060	1		1976	8	1603	31
USGS	04119000	00060	1		1976	9	1367	30
USGS	04119000	00060	1		1976	10	1691	31
USGS	04119000	00060	1		1976	11	1813	30
USGS	04119000	00060	1		1976	12	1593	31
USGS	04119000	00060	1		1977	1	1468	31
USGS	04119000	00060	1		1977	2	1914	28
USGS	04119000	00060	1		1977	3	5664	31
USGS	04119000	00060	1		1977	4	4939	30
USGS	04119000	00060	1		1977	5	2385	31
USGS	04119000	00060	1		1977	6	1462	30
USGS	04119000	00060	1		1977	7	1112	31
USGS	04119000	00060	1		1977	8	1167	31
USGS	04119000	00060	1		1977	9	1771	30
USGS	04119000	00060	1		1977	10	2092	31
USGS	04119000	00060	1		1977	11	1901	30
USGS	04119000	00060	1		1977	12	3341	31
USGS	04119000	00060	1		1978	1	2368	31
USGS	04119000	00060	1		1978	2	2007	28
USGS	04119000	00060	1		1978	3	5480	31
USGS	04119000	00060	1		1978	4	9878	30
USGS	04119000	00060	1		1978	5	3812	31
USGS	04119000	00060	1		1978	6	2039	30
USGS	04119000	00060	1		1978	7	1579	31
USGS	04119000	00060	1		1978	8	1438	31
USGS	04119000	00060	1		1978	9	1833	30
USGS	04119000	00060	1		1978	10	1791	31
USGS	04119000	00060	1		1978	11	1798	30
USGS	04119000	00060	1		1978	12	2170	31
USGS	04119000	00060	1		1979	1	2456	31
USGS	04119000	00060	1		1979	2	1996	28
USGS	04119000	00060	1		1979	3	9951	31
USGS	04119000	00060	1		1979	4	7153	30
USGS	04119000	00060	1		1979	5	4416	31
USGS	04119000	00060	1		1979	6	2275	30
USGS	04119000	00060	1		1979	7	2194	31
USGS	04119000	00060	1		1979	8	1512	31
USGS	04119000	00060	1		1979	9	1128	30
USGS	04119000	00060	1		1979	10	1306	31
USGS	04119000	00060	1		1979	11	1990	30
USGS	04119000	00060	1		1979	12	3147	31
USGS	04119000	00060	1		1980	1	3181	31
USGS	04119000	00060	1		1980	2	2186	29
USGS	04119000	00060	1		1980	3	4221	31
USGS	04119000	00060	1		1980	4	6803	30
USGS	04119000	00060	1		1980	5	3533	31
USGS	04119000	00060	1		1980	6	3591	30
USGS	04119000	00060	1		1980	7	1749	31
USGS	04119000	00060	1		1980	8	2891	31
USGS	04119000	00060	1		1980	9	3007	30
USGS	04119000	00060	1		1980	10	2686	31
USGS	04119000	00060	1		1980	11	2241	30
USGS	04119000	00060	1		1980	12	4161	31
USGS	04119000	00060	1		1981	1	2116	31
USGS	04119000	00060	1		1981	2	6680	28
USGS	04119000	00060	1		1981	3	5364	31
USGS	04119000	00060	1		1981	4	6960	30
USGS	04119000	00060	1		1981	5	7159	31
USGS	04119000	00060	1		1981	6	3632	30
USGS	04119000	00060	1		1981	7	1667	31
USGS	04119000	00060	1		1981	8	1480	31
USGS	04119000	00060	1		1981	9	2178	30
USGS	04119000	00060	1		1981	10	9017	31
USGS	04119000	00060	1		1981	11	3729	30
USGS	04119000	00060	1		1981	12	3411	31
USGS	04119000	00060	1		1982	1	2697	31
USGS	04119000	00060	1		1982	2	2408	28
USGS	04119000	00060	1		1982	3	11810	31
USGS	04119000	00060	1		1982	4	8343	30
USGS	04119000	00060	1		1982	5	3012	31
USGS	04119000	00060	1		1982	6	3512	30
USGS	04119000	00060	1		1982	7	2730	31
USGS	04119000	00060	1		1982	8	1896	31
USGS	04119000	00060	1		1982	9	1698	30
USGS	04119000	00060	1		1982	10	1672	31
USGS	04119000	00060	1		1982	11	3464	30
USGS	04119000	00060	1		1982	12	7457	31
USGS	04119000	00060	1		1983	1	4132	31
USGS	04119000	00060	1		1983	2	4547	28
USGS	04119000	00060	1		1983	3	5733	31
USGS	04119000	00060	1		1983	4	10630	30
USGS	04119000	00060	1		1983	5	8470	31
USGS	04119000	00060	1		1983	6	3805	30
USGS	04119000	00060	1		1983	7	2012	31
USGS	04119000	00060	1		1983	8	1661	31
USGS	04119000	00060	1		1983	9	1872	30
USGS	04119000	00060	1		1983	10	2062	31
USGS	04119000	00060	1		1983	11	2879	30
USGS	04119000	00060	1		1983	12	4309	31
USGS	04119000	00060	1		1984	1	2344	31
USGS	04119000	00060	1		1984	2	6143	29
USGS	04119000	00060	1		1984	3	5599	31
USGS	04119000	00060	1		1984	4	5828	30
USGS	04119000	00060	1		1984	5	4496	31
USGS	04119000	00060	1		1984	6	3557	30
USGS	04119000	00060	1		1984	7	1601	31
USGS	04119000	00060	1		1984	8	1175	31
USGS	04119000	00060	1		1984	9	1302	30
USGS	04119000	00060	1		1984	10	1749	31
USGS	04119000	00060	1		1984	11	2409	30
USGS	04119000	00060	1		1984	12	3214	31
USGS	04119000	00060	1		1985	1	5059	31
USGS	04119000	00060	1		1985	2	4881	28
USGS	04119000	00060	1		1985	3	15610	31
USGS	04119000	00060	1		1985	4	11450	30
USGS	04119000	00060	1		1985	5	3268	31
USGS	04119000	00060	1		1985	6	2644	30
USGS	04119000	00060	1		1985	7	1767	31
USGS	04119000	00060	1		1985	8	2187	31
USGS	04119000	00060	1		1985	9	3575	30
USGS	04119000	00060	1		1985	10	3378	31
USGS	04119000	00060	1		1985	11	6470	30
USGS	04119000	00060	1		1985	12	5067	31
USGS	04119000	00060	1		1986	1	4147	31
USGS	04119000	00060	1		1986	2	5672	28
USGS	04119000	00060	1		1986	3	11090	31
USGS	04119000	00060	1		1986	4	5090	30
USGS	04119000	00060	1		1986	5	3870	31
USGS	04119000	00060	1		1986	6	6265	30
USGS	04119000	00060	1		1986	7	3124	31
USGS	04119000	00060	1		1986	8	1609	31
USGS	04119000	00060	1		1986	9	6464	30
USGS	04119000	00060	1		1986	10	13630	31
USGS	04119000	00060	1		1986	11	4325	30
USGS	04119000	00060	1		1986	12	4896	31
USGS	04119000	00060	1		1987	1	3711	31
USGS	04119000	00060	1		1987	2	3097	28
USGS	04119000	00060	1		1987	3	4730	31
USGS	04119000	00060	1		1987	4	3990	30
USGS	04119000	00060	1		1987	5	2382	31
USGS	04119000	00060	1		1987	6	1676	30
USGS	04119000	00060	1		1987	7	1332	31
USGS	04119000	00060	1		1987	8	2654	31
USGS	04119000	00060	1		1987	9	2482	30
USGS	04119000	00060	1		1987	10	2430	31
USGS	04119000	00060	1		1987	11	3147	30
USGS	04119000	00060	1		1987	12	7320	31
USGS	04119000	00060	1		1988	1	4780	31
USGS	04119000	00060	1		1988	2	5798	29
USGS	04119000	00060	1		1988	3	5604	31
USGS	04119000	00060	1		1988	4	7591	30
USGS	04119000	00060	1		1988	5	2994	31
USGS	04119000	00060	1		1988	6	1314	30
USGS	04119000	00060	1		1988	7	1056	31
USGS	04119000	00060	1		1988	8	1288	31
USGS	04119000	00060	1		1988	9	2373	30
USGS	04119000	00060	1		1988	10	3109	31
USGS	04119000	00060	1		1988	11	7777	30
USGS	04119000	00060	1		1988	12	4518	31
USGS	04119000	00060	1		1989	1	4660	31
USGS	04119000	00060	1		1989	2	3108	28
USGS	04119000	00060	1		1989	3	6219	31
USGS	04119000	00060	1		1989	4	6407	30
USGS	04119000	00060	1		1989	5	3341	31
USGS	04119000	00060	1		1989	6	8481	30
USGS	04119000	00060	1		1989	7	3072	31
USGS	04119000	00060	1		1989	8	2756	31
USGS	04119000	00060	1		1989	9	3233	30
USGS	04119000	00060	1		1989	10	2107	31
USGS	04119000	00060	1		1989	11	4392	30
USGS	04119000	00060	1		1989	12	2791	31
USGS	04119000	00060	1		1990	1	5519	31
USGS	04119000	00060	1		1990	2	5318	28
USGS	04119000	00060	1		1990	3	9739	31
USGS	04119000	00060	1		1990	4	6077	30
USGS	04119000	00060	1		1990	5	5542	31
USGS	04119000	00060	1		1990	6	3082	30
USGS	04119000	00060	1		1990	7	2728	31
USGS	04119000	00060	1		1990	8	2221	31
USGS	04119000	00060	1		1990	9	1966	30
USGS	04119000	00060	1		1990	10	5774	31
USGS	04119000	00060	1		1990	11	7966	30
USGS	04119000	00060	1		1990	12	8794	31
USGS	04119000	00060	1		1991	1	6413	31
USGS	04119000	00060	1		1991	2	5887	28
USGS	04119000	00060	1		1991	3	7924	31
USGS	04119000	00060	1		1991	4	10770	30
USGS	04119000	00060	1		1991	5	5747	31
USGS	04119000	00060	1		1991	6	3444	30
USGS	04119000	00060	1		1991	7	2259	31
USGS	04119000	00060	1		1991	8	2187	31
USGS	04119000	00060	1		1991	9	1640	30
USGS	04119000	00060	1		1991	10	2917	31
USGS	04119000	00060	1		1991	11	4577	30
USGS	04119000	00060	1		1991	12	7321	31
USGS	04119000	00060	1		1992	1	5125	31
USGS	04119000	00060	1		1992	2	4666	29
USGS	04119000	00060	1		1992	3	6854	31
USGS	04119000	00060	1		1992	4	7939	30
USGS	04119000	00060	1		1992	5	5104	31
USGS	04119000	00060	1		1992	6	2699	30
USGS	04119000	00060	1		1992	7	3335	31
USGS	04119000	00060	1		1992	8	3359	31
USGS	04119000	00060	1		1992	9	4217	30
USGS	04119000	00060	1		1992	10	4098	31
USGS	04119000	00060	1		1992	11	7946	30
USGS	04119000	00060	1		1992	12	5465	31
USGS	04119000	00060	1		1993	1	9456	31
USGS	04119000	00060	1		1993	2	4327	28
USGS	04119000	00060	1		1993	3	7243	31
USGS	04119000	00060	1		1993	4	12190	30
USGS	04119000	00060	1		1993	5	5804	31
USGS	04119000	00060	1		1993	6	5929	30
USGS	04119000	00060	1		1993	7	3825	31
USGS	04119000	00060	1		1993	8	3075	31
USGS	04119000	00060	1		1993	9	4546	30
USGS	04119000	00060	1		1993	10	6603	31
USGS	04119000	00060	1		1993	11	4215	30
USGS	04119000	00060	1		1993	12	3983	31
USGS	04119000	00060	1		1994	1	2679	31
USGS	04119000	00060	1		1994	2	6273	28
USGS	04119000	00060	1		1994	3	9265	31
USGS	04119000	00060	1		1994	4	6225	30
USGS	04119000	00060	1		1994	5	5399	31
USGS	04119000	00060	1		1994	6	4881	30
USGS	04119000	00060	1		1994	7	7885	31
USGS	04119000	00060	1		1994	8	5225	31
USGS	04119000	00060	1		1994	9	2758	30
USGS	04119000	00060	1		1994	10	3294	31
USGS	04119000	00060	1		1994	11	7630	30
USGS	04119000	00060	1		1994	12	5988	31
USGS	04119000	00060	1		1995	1	6047	31
USGS	04119000	00060	1		1995	2	3750	28
USGS	04119000	00060	1		1995	3	7320	31
USGS	04119000	00060	1		1995	4	5828	30
USGS	04119000	00060	1		1995	5	5526	31
USGS	04119000	00060	1		1995	6	3090	30
USGS	04119000	00060	1		1995	7	2435	31
USGS	04119000	00060	1		1995	8	2916	31
USGS	04119000	00060	1		1995	9	1552	30
USGS	04119000	00060	1		1995	10	1927	31
USGS	04119000	00060	1		1995	11	4233	30
USGS	04119000	00060	1		1995	12	2860	31
USGS	04119000	00060	1		1996	1	2993	31
USGS	04119000	00060	1		1996	2	3070	29
USGS	04119000	00060	1		1996	3	4387	31
USGS	04119000	00060	1		1996	4	4753	30
USGS	04119000	00060	1		1996	5	7405	31
USGS	04119000	00060	1		1996	6	7948	30
USGS	04119000	00060	1		1996	7	2495	31
USGS	04119000	00060	1		1996	8	1985	31
USGS	04119000	00060	1		1996	9	1489	30
USGS	04119000	00060	1		1996	10	1978	31
USGS	04119000	00060	1		1996	11	2972	30
USGS	04119000	00060	1		1996	12	4152	31
USGS	04119000	00060	1		1997	1	6054	31
USGS	04119000	00060	1		1997	2	9053	28
USGS	04119000	00060	1		1997	3	10210	31
USGS	04119000	00060	1		1997	4	6236	30
USGS	04119000	00060	1		1997	5	4793	31
USGS	04119000	00060	1		1997	6	3486	30
USGS	04119000	00060	1		1997	7	2151	31
USGS	04119000	00060	1		1997	8	1765	31
USGS	04119000	00060	1		1997	9	2185	30
USGS	04119000	00060	1		1997	10	1697	31
USGS	04119000	00060	1		1997	11	2349	30
USGS	04119000	00060	1		1997	12	2355	31
USGS	04119000	00060	1		1998	1	5545	31
USGS	04119000	00060	1		1998	2	7694	28
USGS	04119000	00060	1		1998	3	9876	31
USGS	04119000	00060	1		1998	4	7607	30
USGS	04119000	00060	1		1998	5	5519	31
USGS	04119000	00060	1		1998	6	2276	30
USGS	04119000	00060	1		1998	7	1643	31
USGS	04119000	00060	1		1998	8	1387	31
USGS	04119000	00060	1		1998	9	1159	30
USGS	04119000	00060	1		1998	10	1576	31
USGS	04119000	00060	1		1998	11	1805	30
USGS	04119000	00060	1		1998	12	1947	31
USGS	04119000	00060	1		1999	1	3362	31
USGS	04119000	00060	1		1999	2	4706	28
USGS	04119000	00060	1		1999	3	3534	31
USGS	04119000	00060	1		1999	4	7154	30
USGS	04119000	00060	1		1999	5	4641	31
USGS	04119000	00060	1		1999	6	2668	30
USGS	04119000	00060	1		1999	7	2478	31
USGS	04119000	00060	1		1999	8	1392	31
USGS	04119000	00060	1		1999	9	980.9	30
USGS	04119000	00060	1		1999	10	1356	31
USGS	04119000	00060	1		1999	11	1430	30
USGS	04119000	00060	1		1999	12	1958	31
USGS	04119000	00060	1		2000	1	1694	31
USGS	04119000	00060	1		2000	2	2126	29
USGS	04119000	00060	1		2000	3	2947	31
USGS	04119000	00060	1		2000	4	4277	30
USGS	04119000	00060	1		2000	5	9285	31
USGS	04119000	00060	1		2000	6	4665	30
USGS	04119000	00060	1		2000	7	2672	31
USGS	04119000	00060	1		2000	8	2528	31
USGS	04119000	00060	1		2000	9	3326	30
USGS	04119000	00060	1		2000	10	2701	31
USGS	04119000	00060	1		2000	11	3626	30
USGS	04119000	00060	1		2000	12	3238	31
USGS	04119000	00060	1		2001	1	3452	31
USGS	04119000	00060	1		2001	2	10700	28
USGS	04119000	00060	1		2001	3	7765	31
USGS	04119000	00060	1		2001	4	5052	30
USGS	04119000	00060	1		2001	5	7434	31
USGS	04119000	00060	1		2001	6	5114	30
USGS	04119000	00060	1		2001	7	1700	31
USGS	04119000	00060	1		2001	8	1593	31
USGS	04119000	00060	1		2001	9	1873	30
USGS	04119000	00060	1		2001	10	4739	31
USGS	04119000	00060	1		2001	11	4144	30
USGS	04119000	00060	1		2001	12	4997	31
USGS	04119000	00060	1		2002	1	3825	31
USGS	04119000	00060	1		2002	2	5272	28
USGS	04119000	00060	1		2002	3	7747	31
USGS	04119000	00060	1		2002	4	5899	30
USGS	04119000	00060	1		2002	5	5921	31
USGS	04119000	00060	1		2002	6	3142	30
USGS	04119000	00060	1		2002	7	1616	31
USGS	04119000	00060	1		2002	8	1817	31
USGS	04119000	00060	1		2002	9	1174	30
USGS	04119000	00060	1		2002	10	1494	31
USGS	04119000	00060	1		2002	11	1847	30
USGS	04119000	00060	1		2002	12	1831	31
USGS	04119000	00060	1		2003	1	1588	31
USGS	04119000	00060	1		2003	2	1461	28
USGS	04119000	00060	1		2003	3	3170	31
USGS	04119000	00060	1		2003	4	4326	30
USGS	04119000	00060	1		2003	5	4710	31
USGS	04119000	00060	1		2003	6	2268	30
USGS	04119000	00060	1		2003	7	1508	31
USGS	04119000	00060	1		2003	8	1214	31
USGS	04119000	00060	1		2003	9	996.6	30
USGS	04119000	00060	1		2003	10	1292	31
USGS	04119000	00060	1		2003	11	3717	30
USGS	04119000	00060	1		2003	12	2683	31
USGS	04119000	00060	1		2004	1	2621	31
USGS	04119000	00060	1		2004	2	2258	29
USGS	04119000	00060	1		2004	3	8982	31
USGS	04119000	00060	1		2004	4	3417	30
USGS	04119000	00060	1		2004	5	12380	31
USGS	04119000	00060	1		2004	6	7296	30
USGS	04119000	00060	1		2004	7	3142	31
USGS	04119000	00060	1		2004	8	2061	31
USGS	04119000	00060	1		2004	9	1549	30
USGS	04119000	00060	1		2004	10	1542	31
USGS	04119000	00060	1		2004	11	2728	30
USGS	04119000	00060	1		2004	12	5049	31
USGS	04119000	00060	1		2005	1	7193	31
USGS	04119000	00060	1		2005	2	6502	28
USGS	04119000	00060	1		2005	3	6502	31
USGS	04119000	00060	1		2005	4	5209	30
USGS	04119000	00060	1		2005	5	3008	31
USGS	04119000	00060	1		2005	6	2896	30
USGS	04119000	00060	1		2005	7	1765	31
USGS	04119000	00060	1		2005	8	1275	31
USGS	04119000	00060	1		2005	9	1154	30
USGS	04119000	00060	1		2005	10	1239	31
USGS	04119000	00060	1		2005	11	2236	30
USGS	04119000	00060	1		2005	12	2324	31
USGS	04119000	00060	1		2006	1	5892	31
USGS	04119000	00060	1		2006	2	6444	28
USGS	04119000	00060	1		2006	3	7868	31
USGS	04119000	00060	1		2006	4	5003	30
USGS	04119000	00060	1		2006	5	5729	31
USGS	04119000	00060	1		2006	6	3037	30
USGS	04119000	00060	1		2006	7	2789	31
USGS	04119000	00060	1		2006	8	1953	31
USGS	04119000	00060	1		2006	9	2154	30
USGS	04119000	00060	1		2006	10	3552	31
USGS	04119000	00060	1		2006	11	4179	30
USGS	04119000	00060	1		2006	12	7995	31
USGS	04119000	00060	1		2007	1	6904	31
USGS	04119000	00060	1		2007	2	3238	28
USGS	04119000	00060	1		2007	3	9855	31
USGS	04119000	00060	1		2007	4	7925	30
USGS	04119000	00060	1		2007	5	4980	31
USGS	04119000	00060	1		2007	6	3343	30
USGS	04119000	00060	1		2007	7	1404	31
USGS	04119000	00060	1		2007	8	1870	31
USGS	04119000	00060	1		2007	9	1652	30
USGS	04119000	00060	1		2007	10	1928	31
USGS	04119000	00060	1		2007	11	1944	30
USGS	04119000	00060	1		2007	12	3085	31
USGS	04119000	00060	1		2008	1	6361	31
USGS	04119000	00060	1		2008	2	7464	29
USGS	04119000	00060	1		2008	3	8161	31
USGS	04119000	00060	1		2008	4	10070	30
USGS	04119000	00060	1		2008	5	3333	31
USGS	04119000	00060	1		2008	6	4809	30
USGS	04119000	00060	1		2008	7	3606	31
USGS	04119000	00060	1		2008	8	1343	31
USGS	04119000	00060	1		2008	9	5994	30
USGS	04119000	00060	1		2008	10	3212	31
USGS	04119000	00060	1		2008	11	3161	30
USGS	04119000	00060	1		2008	12	6673	31
USGS	04119000	00060	1		2009	1	7745	31
USGS	04119000	00060	1		2009	2	9092	28
USGS	04119000	00060	1		2009	3	11210	31
USGS	04119000	00060	1		2009	4	9286	30
USGS	04119000	00060	1		2009	5	9920	31
USGS	04119000	00060	1		2009	6	6105	30
USGS	04119000	00060	1		2009	7	3150	31
USGS	04119000	00060	1		2009	8	3190	31
USGS	04119000	00060	1		2009	9	1738	30
USGS	04119000	00060	1		2009	10	3185	31
USGS	04119000	00060	1		2009	11	4627	30
USGS	04119000	00060	1		2009	12	4029	31
USGS	04119000	00060	1		2010	1	3777	31
USGS	04119000	00060	1		2010	2	3120	28
USGS	04119000	00060	1		2010	3	7380	31
USGS	04119000	00060	1		2010	4	6261	30
USGS	04119000	00060	1		2010	5	6185	31
USGS	04119000	00060	1		2010	6	6377	30
USGS	04119000	00060	1		2010	7	2887	31
USGS	04119000	00060	1		2010	8	1863	31
USGS	04119000	00060	1		2010	9	1822	30
USGS	04119000	00060	1		2010	10	1875	31
USGS	04119000	00060	1		2010	11	2238	30
USGS	04119000	00060	1		2010	12	2326	31
USGS	04119000	00060	1		2011	1	2541	31
USGS	04119000	00060	1		2011	2	3282	28
USGS	04119000	00060	1		2011	3	9216	31
USGS	04119000	00060	1		2011	4	8763	30
USGS	04119000	00060	1		2011	5	11720	31
USGS	04119000	00060	1		2011	6	6912	30
USGS	04119000	00060	1		2011	7	3274	31
USGS	04119000	00060	1		2011	8	5423	31
USGS	04119000	00060	1		2011	9	2132	30
USGS	04119000	00060	1		2011	10	3023	31
USGS	04119000	00060	1		2011	11	3581	30
USGS	04119000	00060	1		2011	12	6566	31
USGS	04119000	00060	1		2012	1	5480	31
USGS	04119000	00060	1		2012	2	5529	29
USGS	04119000	00060	1		2012	3	8242	31
USGS	04119000	00060	1		2012	4	4751	30
USGS	04119000	00060	1		2012	5	4644	31
USGS	04119000	00060	1		2012	6	2091	30
USGS	04119000	00060	1		2012	7	1204	31
USGS	04119000	00060	1		2012	8	1732	31
USGS	04119000	00060	1		2012	9	1191	30
USGS	04119000	00060	1		2012	10	1973	31
USGS	04119000	00060	1		2012	11	1836	30
USGS	04119000	00060	1		2012	12	2494	31
USGS	04119000	00060	1		2013	1	3358	31
USGS	04119000	00060	1		2013	2	5925	28
USGS	04119000	00060	1		2013	3	5677	31
USGS	04119000	00060	1		2013	4	17270	30
USGS	04119000	00060	1		2013	5	7345	31
USGS	04119000	00060	1		2013	6	6902	30
USGS	04119000	00060	1		2013	7	2622	31
USGS	04119000	00060	1		2013	8	1797	31
USGS	04119000	00060	1		2013	9	1847	30
