#
#
# US Geological Survey, Water Resources Data
# retrieved: 2014-11-20 16:24:57 EST	(natwebcaas01)
#
# This file contains USGS Monthly Statistics
#
# Note:The statistics generated are based on approved daily-mean data and may not match those published by the USGS in official publications.
# The user is responsible for assessment and use of statistics from this site.
# For more details on why the statistics may not match, visit http://help.waterdata.usgs.gov/faq/about-statistics.
#
# Data heading explanations.
# agency_cd       -- agency code
# site_no         -- Site identification number
# parameter_cd    -- Parameter code
# station_nm      -- Site name
# loc_web_ds      -- Additional measurement description
#
# Data for the following 1 site(s) are contained in this file
# agency_cd   site_no      parameter_cd   station_nm (loc_web_ds)
# USGS        04116500     00060          FLAT RIVER AT SMYRNA, MI
#
# Explanation of Parameter Codes
# parameter_cd	Parameter Name
# 00060         Discharge, cubic feet per second
#
# Data heading explanations.
# year_nu     ... Calendar year for value.
# month_nu    ... Month for value.
# mean_va     ... Mean of daily mean values for this month.
# count_nu    ... Number of values used in the calculation.
#
agency_cd	site_no	parameter_cd	dd_nu	loc_web_ds	year_nu	month_nu	mean_va	count_nu
# 5s	15s	5s	3n	15s	4s	2s	12n	8n
USGS	04116500	00060	1		1950	10	259.4	31
USGS	04116500	00060	1		1950	11	317.7	30
USGS	04116500	00060	1		1950	12	422.0	31
USGS	04116500	00060	1		1951	1	433.0	31
USGS	04116500	00060	1		1951	2	597.2	28
USGS	04116500	00060	1		1951	3	766.3	31
USGS	04116500	00060	1		1951	4	760.1	30
USGS	04116500	00060	1		1951	5	481.5	31
USGS	04116500	00060	1		1951	6	363.4	30
USGS	04116500	00060	1		1951	7	233.6	31
USGS	04116500	00060	1		1951	8	249.3	31
USGS	04116500	00060	1		1951	9	335.6	30
USGS	04116500	00060	1		1951	10	498.3	31
USGS	04116500	00060	1		1951	11	611.9	30
USGS	04116500	00060	1		1951	12	535.2	31
USGS	04116500	00060	1		1952	1	742.2	31
USGS	04116500	00060	1		1952	2	648.7	29
USGS	04116500	00060	1		1952	3	936.0	31
USGS	04116500	00060	1		1952	4	940.0	30
USGS	04116500	00060	1		1952	5	482.7	31
USGS	04116500	00060	1		1952	6	321.4	30
USGS	04116500	00060	1		1952	7	474.5	31
USGS	04116500	00060	1		1952	8	478.5	31
USGS	04116500	00060	1		1952	9	348.2	30
USGS	04116500	00060	1		1952	10	286.5	31
USGS	04116500	00060	1		1952	11	419.9	30
USGS	04116500	00060	1		1952	12	480.8	31
USGS	04116500	00060	1		1953	1	403.0	31
USGS	04116500	00060	1		1953	2	514.9	28
USGS	04116500	00060	1		1953	3	759.1	31
USGS	04116500	00060	1		1953	4	530.4	30
USGS	04116500	00060	1		1953	5	584.0	31
USGS	04116500	00060	1		1953	6	332.5	30
USGS	04116500	00060	1		1953	7	255.6	31
USGS	04116500	00060	1		1953	8	259.7	31
USGS	04116500	00060	1		1953	9	192.0	30
USGS	04116500	00060	1		1953	10	238.6	31
USGS	04116500	00060	1		1953	11	256.0	30
USGS	04116500	00060	1		1953	12	285.1	31
USGS	04116500	00060	1		1954	1	244.5	31
USGS	04116500	00060	1		1954	2	473.8	28
USGS	04116500	00060	1		1954	3	584.0	31
USGS	04116500	00060	1		1954	4	737.9	30
USGS	04116500	00060	1		1954	5	494.8	31
USGS	04116500	00060	1		1954	6	329.1	30
USGS	04116500	00060	1		1954	7	226.5	31
USGS	04116500	00060	1		1954	8	198.7	31
USGS	04116500	00060	1		1954	9	187.8	30
USGS	04116500	00060	1		1954	10	500.2	31
USGS	04116500	00060	1		1954	11	343.6	30
USGS	04116500	00060	1		1954	12	336.8	31
USGS	04116500	00060	1		1955	1	374.9	31
USGS	04116500	00060	1		1955	2	338.9	28
USGS	04116500	00060	1		1955	3	735.0	31
USGS	04116500	00060	1		1955	4	564.4	30
USGS	04116500	00060	1		1955	5	421.4	31
USGS	04116500	00060	1		1955	6	437.2	30
USGS	04116500	00060	1		1955	7	233.2	31
USGS	04116500	00060	1		1955	8	218.7	31
USGS	04116500	00060	1		1955	9	247.9	30
USGS	04116500	00060	1		1955	10	267.8	31
USGS	04116500	00060	1		1955	11	325.3	30
USGS	04116500	00060	1		1955	12	305.0	31
USGS	04116500	00060	1		1956	1	237.0	31
USGS	04116500	00060	1		1956	2	244.1	29
USGS	04116500	00060	1		1956	3	568.3	31
USGS	04116500	00060	1		1956	4	722.0	30
USGS	04116500	00060	1		1956	5	1083	31
USGS	04116500	00060	1		1956	6	370.6	30
USGS	04116500	00060	1		1956	7	278.5	31
USGS	04116500	00060	1		1956	8	318.8	31
USGS	04116500	00060	1		1956	9	238.2	30
USGS	04116500	00060	1		1956	10	208.4	31
USGS	04116500	00060	1		1956	11	258.0	30
USGS	04116500	00060	1		1956	12	292.7	31
USGS	04116500	00060	1		1957	1	263.4	31
USGS	04116500	00060	1		1957	2	360.3	28
USGS	04116500	00060	1		1957	3	477.6	31
USGS	04116500	00060	1		1957	4	476.5	30
USGS	04116500	00060	1		1957	5	484.2	31
USGS	04116500	00060	1		1957	6	345.7	30
USGS	04116500	00060	1		1957	7	461.5	31
USGS	04116500	00060	1		1957	8	207.4	31
USGS	04116500	00060	1		1957	9	256.6	30
USGS	04116500	00060	1		1957	10	310.4	31
USGS	04116500	00060	1		1957	11	556.2	30
USGS	04116500	00060	1		1957	12	435.2	31
USGS	04116500	00060	1		1958	1	352.5	31
USGS	04116500	00060	1		1958	2	320.2	28
USGS	04116500	00060	1		1958	3	509.9	31
USGS	04116500	00060	1		1958	4	366.1	30
USGS	04116500	00060	1		1958	5	267.5	31
USGS	04116500	00060	1		1958	6	220.9	30
USGS	04116500	00060	1		1958	7	196.9	31
USGS	04116500	00060	1		1958	8	166.9	31
USGS	04116500	00060	1		1958	9	210.0	30
USGS	04116500	00060	1		1958	10	247.3	31
USGS	04116500	00060	1		1958	11	295.3	30
USGS	04116500	00060	1		1958	12	243.1	31
USGS	04116500	00060	1		1959	1	214.9	31
USGS	04116500	00060	1		1959	2	248.3	28
USGS	04116500	00060	1		1959	3	688.5	31
USGS	04116500	00060	1		1959	4	1095	30
USGS	04116500	00060	1		1959	5	507.1	31
USGS	04116500	00060	1		1959	6	229.8	30
USGS	04116500	00060	1		1959	7	186.1	31
USGS	04116500	00060	1		1959	8	241.2	31
USGS	04116500	00060	1		1959	9	207.6	30
USGS	04116500	00060	1		1959	10	335.1	31
USGS	04116500	00060	1		1959	11	497.1	30
USGS	04116500	00060	1		1959	12	507.6	31
USGS	04116500	00060	1		1960	1	591.5	31
USGS	04116500	00060	1		1960	2	474.3	29
USGS	04116500	00060	1		1960	3	444.5	31
USGS	04116500	00060	1		1960	4	1116	30
USGS	04116500	00060	1		1960	5	682.9	31
USGS	04116500	00060	1		1960	6	470.9	30
USGS	04116500	00060	1		1960	7	307.1	31
USGS	04116500	00060	1		1960	8	327.9	31
USGS	04116500	00060	1		1960	9	236.6	30
USGS	04116500	00060	1		1960	10	248.6	31
USGS	04116500	00060	1		1960	11	377.6	30
USGS	04116500	00060	1		1960	12	280.2	31
USGS	04116500	00060	1		1961	1	248.9	31
USGS	04116500	00060	1		1961	2	302.2	28
USGS	04116500	00060	1		1961	3	549.0	31
USGS	04116500	00060	1		1961	4	591.3	30
USGS	04116500	00060	1		1961	5	405.3	31
USGS	04116500	00060	1		1961	6	286.3	30
USGS	04116500	00060	1		1961	7	190.1	31
USGS	04116500	00060	1		1961	8	237.8	31
USGS	04116500	00060	1		1961	9	385.7	30
USGS	04116500	00060	1		1961	10	385.2	31
USGS	04116500	00060	1		1961	11	427.6	30
USGS	04116500	00060	1		1961	12	368.2	31
USGS	04116500	00060	1		1962	1	306.0	31
USGS	04116500	00060	1		1962	2	305.9	28
USGS	04116500	00060	1		1962	3	682.9	31
USGS	04116500	00060	1		1962	4	581.0	30
USGS	04116500	00060	1		1962	5	583.8	31
USGS	04116500	00060	1		1962	6	247.6	30
USGS	04116500	00060	1		1962	7	207.6	31
USGS	04116500	00060	1		1962	8	177.4	31
USGS	04116500	00060	1		1962	9	180.0	30
USGS	04116500	00060	1		1962	10	238.3	31
USGS	04116500	00060	1		1962	11	251.8	30
USGS	04116500	00060	1		1962	12	236.5	31
USGS	04116500	00060	1		1963	1	224.3	31
USGS	04116500	00060	1		1963	2	216.6	28
USGS	04116500	00060	1		1963	3	439.4	31
USGS	04116500	00060	1		1963	4	388.0	30
USGS	04116500	00060	1		1963	5	500.7	31
USGS	04116500	00060	1		1963	6	221.0	30
USGS	04116500	00060	1		1963	7	144.4	31
USGS	04116500	00060	1		1963	8	167.3	31
USGS	04116500	00060	1		1963	9	194.7	30
USGS	04116500	00060	1		1963	10	211.2	31
USGS	04116500	00060	1		1963	11	286.7	30
USGS	04116500	00060	1		1963	12	245.2	31
USGS	04116500	00060	1		1964	1	239.0	31
USGS	04116500	00060	1		1964	2	230.6	29
USGS	04116500	00060	1		1964	3	330.8	31
USGS	04116500	00060	1		1964	4	451.9	30
USGS	04116500	00060	1		1964	5	458.2	31
USGS	04116500	00060	1		1964	6	201.5	30
USGS	04116500	00060	1		1964	7	178.2	31
USGS	04116500	00060	1		1964	8	195.9	31
USGS	04116500	00060	1		1964	9	207.8	30
USGS	04116500	00060	1		1964	10	192.3	31
USGS	04116500	00060	1		1964	11	247.7	30
USGS	04116500	00060	1		1964	12	295.2	31
USGS	04116500	00060	1		1965	1	311.3	31
USGS	04116500	00060	1		1965	2	474.1	28
USGS	04116500	00060	1		1965	3	713.0	31
USGS	04116500	00060	1		1965	4	1294	30
USGS	04116500	00060	1		1965	5	449.7	31
USGS	04116500	00060	1		1965	6	251.6	30
USGS	04116500	00060	1		1965	7	157.8	31
USGS	04116500	00060	1		1965	8	175.9	31
USGS	04116500	00060	1		1965	9	387.9	30
USGS	04116500	00060	1		1965	10	362.8	31
USGS	04116500	00060	1		1965	11	329.1	30
USGS	04116500	00060	1		1965	12	564.5	31
USGS	04116500	00060	1		1966	1	455.5	31
USGS	04116500	00060	1		1966	2	636.0	28
USGS	04116500	00060	1		1966	3	721.8	31
USGS	04116500	00060	1		1966	4	571.7	30
USGS	04116500	00060	1		1966	5	543.7	31
USGS	04116500	00060	1		1966	6	264.5	30
USGS	04116500	00060	1		1966	7	189.6	31
USGS	04116500	00060	1		1966	8	190.1	31
USGS	04116500	00060	1		1966	9	195.4	30
USGS	04116500	00060	1		1966	10	218.7	31
USGS	04116500	00060	1		1966	11	402.9	30
USGS	04116500	00060	1		1966	12	675.7	31
USGS	04116500	00060	1		1967	1	600.6	31
USGS	04116500	00060	1		1967	2	458.2	28
USGS	04116500	00060	1		1967	3	648.3	31
USGS	04116500	00060	1		1967	4	1475	30
USGS	04116500	00060	1		1967	5	676.7	31
USGS	04116500	00060	1		1967	6	706.0	30
USGS	04116500	00060	1		1967	7	390.2	31
USGS	04116500	00060	1		1967	8	276.4	31
USGS	04116500	00060	1		1967	9	261.1	30
USGS	04116500	00060	1		1967	10	371.5	31
USGS	04116500	00060	1		1967	11	573.6	30
USGS	04116500	00060	1		1967	12	564.1	31
USGS	04116500	00060	1		1968	1	381.9	31
USGS	04116500	00060	1		1968	2	554.9	29
USGS	04116500	00060	1		1968	3	487.3	31
USGS	04116500	00060	1		1968	4	581.3	30
USGS	04116500	00060	1		1968	5	514.7	31
USGS	04116500	00060	1		1968	6	480.5	30
USGS	04116500	00060	1		1968	7	304.2	31
USGS	04116500	00060	1		1968	8	205.6	31
USGS	04116500	00060	1		1968	9	218.9	30
USGS	04116500	00060	1		1968	10	271.5	31
USGS	04116500	00060	1		1968	11	315.2	30
USGS	04116500	00060	1		1968	12	380.2	31
USGS	04116500	00060	1		1969	1	462.3	31
USGS	04116500	00060	1		1969	2	423.1	28
USGS	04116500	00060	1		1969	3	510.3	31
USGS	04116500	00060	1		1969	4	687.3	30
USGS	04116500	00060	1		1969	5	555.7	31
USGS	04116500	00060	1		1969	6	410.3	30
USGS	04116500	00060	1		1969	7	410.3	31
USGS	04116500	00060	1		1969	8	214.0	31
USGS	04116500	00060	1		1969	9	186.9	30
USGS	04116500	00060	1		1969	10	263.1	31
USGS	04116500	00060	1		1969	11	350.1	30
USGS	04116500	00060	1		1969	12	310.3	31
USGS	04116500	00060	1		1970	1	263.3	31
USGS	04116500	00060	1		1970	2	242.4	28
USGS	04116500	00060	1		1970	3	498.6	31
USGS	04116500	00060	1		1970	4	660.7	30
USGS	04116500	00060	1		1970	5	435.5	31
USGS	04116500	00060	1		1970	6	463.3	30
USGS	04116500	00060	1		1970	7	267.5	31
USGS	04116500	00060	1		1970	8	233.7	31
USGS	04116500	00060	1		1970	9	445.7	30
USGS	04116500	00060	1		1970	10	489.2	31
USGS	04116500	00060	1		1970	11	612.1	30
USGS	04116500	00060	1		1970	12	587.7	31
USGS	04116500	00060	1		1971	1	405.8	31
USGS	04116500	00060	1		1971	2	507.3	28
USGS	04116500	00060	1		1971	3	880.3	31
USGS	04116500	00060	1		1971	4	773.9	30
USGS	04116500	00060	1		1971	5	367.0	31
USGS	04116500	00060	1		1971	6	284.2	30
USGS	04116500	00060	1		1971	7	192.2	31
USGS	04116500	00060	1		1971	8	199.3	31
USGS	04116500	00060	1		1971	9	253.9	30
USGS	04116500	00060	1		1971	10	256.2	31
USGS	04116500	00060	1		1971	11	279.4	30
USGS	04116500	00060	1		1971	12	604.6	31
USGS	04116500	00060	1		1972	1	493.8	31
USGS	04116500	00060	1		1972	2	351.3	29
USGS	04116500	00060	1		1972	3	617.7	31
USGS	04116500	00060	1		1972	4	775.1	30
USGS	04116500	00060	1		1972	5	418.2	31
USGS	04116500	00060	1		1972	6	252.8	30
USGS	04116500	00060	1		1972	7	207.4	31
USGS	04116500	00060	1		1972	8	409.4	31
USGS	04116500	00060	1		1972	9	448.5	30
USGS	04116500	00060	1		1972	10	472.0	31
USGS	04116500	00060	1		1972	11	575.2	30
USGS	04116500	00060	1		1972	12	511.8	31
USGS	04116500	00060	1		1973	1	1015	31
USGS	04116500	00060	1		1973	2	501.6	28
USGS	04116500	00060	1		1973	3	1022	31
USGS	04116500	00060	1		1973	4	886.9	30
USGS	04116500	00060	1		1973	5	880.1	31
USGS	04116500	00060	1		1973	6	725.0	30
USGS	04116500	00060	1		1973	7	450.7	31
USGS	04116500	00060	1		1973	8	401.5	31
USGS	04116500	00060	1		1973	9	292.4	30
USGS	04116500	00060	1		1973	10	309.7	31
USGS	04116500	00060	1		1973	11	485.9	30
USGS	04116500	00060	1		1973	12	525.4	31
USGS	04116500	00060	1		1974	1	658.5	31
USGS	04116500	00060	1		1974	2	674.2	28
USGS	04116500	00060	1		1974	3	1085	31
USGS	04116500	00060	1		1974	4	1066	30
USGS	04116500	00060	1		1974	5	969.3	31
USGS	04116500	00060	1		1974	6	629.0	30
USGS	04116500	00060	1		1974	7	362.9	31
USGS	04116500	00060	1		1974	8	363.4	31
USGS	04116500	00060	1		1974	9	299.4	30
USGS	04116500	00060	1		1974	10	376.4	31
USGS	04116500	00060	1		1974	11	477.0	30
USGS	04116500	00060	1		1974	12	404.6	31
USGS	04116500	00060	1		1975	1	664.6	31
USGS	04116500	00060	1		1975	2	535.5	28
USGS	04116500	00060	1		1975	3	749.2	31
USGS	04116500	00060	1		1975	4	828.1	30
USGS	04116500	00060	1		1975	5	612.4	31
USGS	04116500	00060	1		1975	6	488.6	30
USGS	04116500	00060	1		1975	7	288.9	31
USGS	04116500	00060	1		1975	8	424.4	31
USGS	04116500	00060	1		1975	9	1038	30
USGS	04116500	00060	1		1975	10	421.0	31
USGS	04116500	00060	1		1975	11	544.2	30
USGS	04116500	00060	1		1975	12	809.8	31
USGS	04116500	00060	1		1976	1	530.2	31
USGS	04116500	00060	1		1976	2	859.8	29
USGS	04116500	00060	1		1976	3	1758	31
USGS	04116500	00060	1		1976	4	961.7	30
USGS	04116500	00060	1		1976	5	1030	31
USGS	04116500	00060	1		1976	6	545.9	30
USGS	04116500	00060	1		1976	7	428.6	31
USGS	04116500	00060	1		1976	8	283.2	31
USGS	04116500	00060	1		1976	9	253.4	30
USGS	04116500	00060	1		1976	10	281.6	31
USGS	04116500	00060	1		1976	11	291.3	30
USGS	04116500	00060	1		1976	12	249.2	31
USGS	04116500	00060	1		1977	1	243.5	31
USGS	04116500	00060	1		1977	2	294.7	28
USGS	04116500	00060	1		1977	3	761.9	31
USGS	04116500	00060	1		1977	4	525.1	30
USGS	04116500	00060	1		1977	5	264.0	31
USGS	04116500	00060	1		1977	6	200.5	30
USGS	04116500	00060	1		1977	7	155.4	31
USGS	04116500	00060	1		1977	8	165.0	31
USGS	04116500	00060	1		1977	9	294.6	30
USGS	04116500	00060	1		1977	10	342.0	31
USGS	04116500	00060	1		1977	11	319.6	30
USGS	04116500	00060	1		1977	12	466.6	31
USGS	04116500	00060	1		1978	1	329.0	31
USGS	04116500	00060	1		1978	2	300.5	28
USGS	04116500	00060	1		1978	3	463.7	31
USGS	04116500	00060	1		1978	4	988.8	30
USGS	04116500	00060	1		1978	5	430.6	31
USGS	04116500	00060	1		1978	6	264.9	30
USGS	04116500	00060	1		1978	7	200.1	31
USGS	04116500	00060	1		1978	8	258.2	31
USGS	04116500	00060	1		1978	9	287.7	30
USGS	04116500	00060	1		1978	10	277.0	31
USGS	04116500	00060	1		1978	11	305.6	30
USGS	04116500	00060	1		1978	12	334.1	31
USGS	04116500	00060	1		1979	1	383.5	31
USGS	04116500	00060	1		1979	2	282.7	28
USGS	04116500	00060	1		1979	3	901.3	31
USGS	04116500	00060	1		1979	4	768.2	30
USGS	04116500	00060	1		1979	5	577.1	31
USGS	04116500	00060	1		1979	6	301.6	30
USGS	04116500	00060	1		1979	7	207.0	31
USGS	04116500	00060	1		1979	8	209.2	31
USGS	04116500	00060	1		1979	9	178.9	30
USGS	04116500	00060	1		1979	10	211.3	31
USGS	04116500	00060	1		1979	11	304.8	30
USGS	04116500	00060	1		1979	12	380.3	31
USGS	04116500	00060	1		1980	1	385.9	31
USGS	04116500	00060	1		1980	2	287.8	29
USGS	04116500	00060	1		1980	3	486.1	31
USGS	04116500	00060	1		1980	4	675.0	30
USGS	04116500	00060	1		1980	5	366.4	31
USGS	04116500	00060	1		1980	6	384.9	30
USGS	04116500	00060	1		1980	7	211.8	31
USGS	04116500	00060	1		1980	8	251.8	31
USGS	04116500	00060	1		1980	9	320.4	30
USGS	04116500	00060	1		1980	10	314.3	31
USGS	04116500	00060	1		1980	11	325.5	30
USGS	04116500	00060	1		1980	12	420.4	31
USGS	04116500	00060	1		1981	1	258.1	31
USGS	04116500	00060	1		1981	2	548.5	28
USGS	04116500	00060	1		1981	3	501.9	31
USGS	04116500	00060	1		1981	4	634.8	30
USGS	04116500	00060	1		1981	5	609.6	31
USGS	04116500	00060	1		1981	6	403.6	30
USGS	04116500	00060	1		1981	7	220.1	31
USGS	04116500	00060	1		1981	8	203.3	31
USGS	04116500	00060	1		1981	9	276.4	30
USGS	04116500	00060	1		1981	10	930.2	31
USGS	04116500	00060	1		1981	11	450.3	30
USGS	04116500	00060	1		1981	12	480.3	31
USGS	04116500	00060	1		1982	1	320.9	31
USGS	04116500	00060	1		1982	2	329.1	28
USGS	04116500	00060	1		1982	3	917.7	31
USGS	04116500	00060	1		1982	4	820.8	30
USGS	04116500	00060	1		1982	5	374.1	31
USGS	04116500	00060	1		1982	6	447.3	30
USGS	04116500	00060	1		1982	7	364.3	31
USGS	04116500	00060	1		1982	8	291.3	31
USGS	04116500	00060	1		1982	9	310.8	30
USGS	04116500	00060	1		1982	10	277.3	31
USGS	04116500	00060	1		1982	11	547.8	30
USGS	04116500	00060	1		1982	12	870.0	31
USGS	04116500	00060	1		1983	1	492.3	31
USGS	04116500	00060	1		1983	2	498.4	28
USGS	04116500	00060	1		1983	3	649.4	31
USGS	04116500	00060	1		1983	4	894.6	30
USGS	04116500	00060	1		1983	5	736.3	31
USGS	04116500	00060	1		1983	6	414.9	30
USGS	04116500	00060	1		1983	7	205.9	31
USGS	04116500	00060	1		1983	8	226.3	31
USGS	04116500	00060	1		1983	9	306.3	30
USGS	04116500	00060	1		1983	10	345.5	31
USGS	04116500	00060	1		1983	11	389.8	30
USGS	04116500	00060	1		1983	12	450.5	31
USGS	04116500	00060	1		1984	1	326.1	31
USGS	04116500	00060	1		1984	2	624.4	29
USGS	04116500	00060	1		1984	3	552.3	31
USGS	04116500	00060	1		1984	4	580.8	30
USGS	04116500	00060	1		1984	5	579.4	31
USGS	04116500	00060	1		1984	6	462.3	30
USGS	04116500	00060	1		1984	7	276.5	31
USGS	04116500	00060	1		1984	8	183.6	31
USGS	04116500	00060	1		1984	9	229.2	30
USGS	04116500	00060	1		1984	10	288.3	31
USGS	04116500	00060	1		1984	11	367.6	30
USGS	04116500	00060	1		1984	12	469.4	31
USGS	04116500	00060	1		1985	1	535.8	31
USGS	04116500	00060	1		1985	2	474.4	28
USGS	04116500	00060	1		1985	3	1282	31
USGS	04116500	00060	1		1985	4	1044	30
USGS	04116500	00060	1		1985	5	382.1	31
USGS	04116500	00060	1		1985	6	333.2	30
USGS	04116500	00060	1		1985	7	237.8	31
USGS	04116500	00060	1		1985	8	383.7	31
USGS	04116500	00060	1		1985	9	495.9	30
USGS	04116500	00060	1		1985	10	464.3	31
USGS	04116500	00060	1		1985	11	738.0	30
USGS	04116500	00060	1		1985	12	570.2	31
USGS	04116500	00060	1		1986	1	452.1	31
USGS	04116500	00060	1		1986	2	428.6	28
USGS	04116500	00060	1		1986	3	1002	31
USGS	04116500	00060	1		1986	4	629.7	30
USGS	04116500	00060	1		1986	5	545.9	31
USGS	04116500	00060	1		1986	6	388.6	30
USGS	04116500	00060	1		1986	7	344.4	31
USGS	04116500	00060	1		1986	8	237.3	31
USGS	04116500	00060	1		1986	9	1688	30
