#
#
# US Geological Survey, Water Resources Data
# retrieved: 2014-11-20 16:24:52 EST	(natwebcaas01)
#
# This file contains USGS Monthly Statistics
#
# Note:The statistics generated are based on approved daily-mean data and may not match those published by the USGS in official publications.
# The user is responsible for assessment and use of statistics from this site.
# For more details on why the statistics may not match, visit http://help.waterdata.usgs.gov/faq/about-statistics.
#
# Data heading explanations.
# agency_cd       -- agency code
# site_no         -- Site identification number
# parameter_cd    -- Parameter code
# station_nm      -- Site name
# loc_web_ds      -- Additional measurement description
#
# Data for the following 1 site(s) are contained in this file
# agency_cd   site_no      parameter_cd   station_nm (loc_web_ds)
# USGS        04113000     00060          GRAND RIVER AT LANSING, MI
#
# Explanation of Parameter Codes
# parameter_cd	Parameter Name
# 00060         Discharge, cubic feet per second
#
# Data heading explanations.
# year_nu     ... Calendar year for value.
# month_nu    ... Month for value.
# mean_va     ... Mean of daily mean values for this month.
# count_nu    ... Number of values used in the calculation.
#
agency_cd	site_no	parameter_cd	dd_nu	loc_web_ds	year_nu	month_nu	mean_va	count_nu
# 5s	15s	5s	3n	15s	4s	2s	12n	8n
USGS	04113000	00060	1		1901	3	3076	31
USGS	04113000	00060	1		1901	4	1305	30
USGS	04113000	00060	1		1901	5	596.7	31
USGS	04113000	00060	1		1901	6	417.4	30
USGS	04113000	00060	1		1901	7	953.3	31
USGS	04113000	00060	1		1901	8	715.0	31
USGS	04113000	00060	1		1901	9	538.8	30
USGS	04113000	00060	1		1901	10	633.2	31
USGS	04113000	00060	1		1901	11	435.1	30
USGS	04113000	00060	1		1901	12	813.5	31
USGS	04113000	00060	1		1902	1	680.4	31
USGS	04113000	00060	1		1902	2	525.8	28
USGS	04113000	00060	1		1902	3	1548	31
USGS	04113000	00060	1		1902	4	1247	30
USGS	04113000	00060	1		1902	5	1342	31
USGS	04113000	00060	1		1902	6	1082	30
USGS	04113000	00060	1		1902	7	2204	31
USGS	04113000	00060	1		1902	8	703.5	31
USGS	04113000	00060	1		1902	9	613.4	30
USGS	04113000	00060	1		1902	10	1035	31
USGS	04113000	00060	1		1902	11	809.8	30
USGS	04113000	00060	1		1902	12	765.1	31
USGS	04113000	00060	1		1903	1	1025	31
USGS	04113000	00060	1		1903	2	1675	28
USGS	04113000	00060	1		1903	3	3311	31
USGS	04113000	00060	1		1903	4	2894	30
USGS	04113000	00060	1		1903	5	640.0	31
USGS	04113000	00060	1		1903	6	559.8	30
USGS	04113000	00060	1		1903	7	646.0	31
USGS	04113000	00060	1		1903	8	967.2	31
USGS	04113000	00060	1		1903	9	1277	30
USGS	04113000	00060	1		1903	10	766.5	31
USGS	04113000	00060	1		1903	11	526.7	30
USGS	04113000	00060	1		1903	12	410.1	31
USGS	04113000	00060	1		1904	1	589.4	31
USGS	04113000	00060	1		1904	2	1319	29
USGS	04113000	00060	1		1904	3	7242	31
USGS	04113000	00060	1		1904	4	3297	30
USGS	04113000	00060	1		1904	5	853.8	31
USGS	04113000	00060	1		1904	6	409.8	30
USGS	04113000	00060	1		1904	7	301.8	31
USGS	04113000	00060	1		1904	8	290.8	31
USGS	04113000	00060	1		1904	9	264.9	30
USGS	04113000	00060	1		1904	10	391.4	31
USGS	04113000	00060	1		1904	11	296.8	30
USGS	04113000	00060	1		1904	12	324.8	31
USGS	04113000	00060	1		1905	1	343.2	31
USGS	04113000	00060	1		1905	2	355.1	28
USGS	04113000	00060	1		1905	3	1494	31
USGS	04113000	00060	1		1905	4	1240	30
USGS	04113000	00060	1		1905	5	1342	31
USGS	04113000	00060	1		1905	6	2803	30
USGS	04113000	00060	1		1905	7	737.8	31
USGS	04113000	00060	1		1905	8	631.2	31
USGS	04113000	00060	1		1905	9	732.7	30
USGS	04113000	00060	1		1905	10	478.7	31
USGS	04113000	00060	1		1905	11	704.7	30
USGS	04113000	00060	1		1905	12	710.4	31
USGS	04113000	00060	1		1906	1	1605	31
USGS	04113000	00060	1		1906	2	886.8	28
USGS	04113000	00060	1		1906	3	1451	31
USGS	04113000	00060	1		1906	4	1527	30
USGS	04113000	00060	1		1906	5	737.0	31
USGS	04113000	00060	1		1906	6	1409	30
USGS	04113000	00060	1		1906	7	391.8	31
USGS	04113000	00060	1		1906	8	404.0	31
USGS	04113000	00060	1		1906	9	252.3	30
USGS	04113000	00060	1		1934	10	103.5	31
USGS	04113000	00060	1		1934	11	147.9	30
USGS	04113000	00060	1		1934	12	162.3	31
USGS	04113000	00060	1		1935	1	320.3	31
USGS	04113000	00060	1		1935	2	231.9	28
USGS	04113000	00060	1		1935	3	1766	31
USGS	04113000	00060	1		1935	4	488.4	30
USGS	04113000	00060	1		1935	5	745.1	31
USGS	04113000	00060	1		1935	6	702.1	30
USGS	04113000	00060	1		1935	7	186.8	31
USGS	04113000	00060	1		1935	8	154.5	31
USGS	04113000	00060	1		1935	9	130.5	30
USGS	04113000	00060	1		1935	10	134.3	31
USGS	04113000	00060	1		1935	11	450.7	30
USGS	04113000	00060	1		1935	12	416.2	31
USGS	04113000	00060	1		1936	1	296.2	31
USGS	04113000	00060	1		1936	2	378.9	29
USGS	04113000	00060	1		1936	3	1773	31
USGS	04113000	00060	1		1936	4	916.1	30
USGS	04113000	00060	1		1936	5	435.3	31
USGS	04113000	00060	1		1936	6	167.6	30
USGS	04113000	00060	1		1936	7	98.3	31
USGS	04113000	00060	1		1936	8	61.1	31
USGS	04113000	00060	1		1936	9	161.8	30
USGS	04113000	00060	1		1936	10	282.2	31
USGS	04113000	00060	1		1936	11	342.4	30
USGS	04113000	00060	1		1936	12	215.9	31
USGS	04113000	00060	1		1937	1	528.7	31
USGS	04113000	00060	1		1937	2	525.1	28
USGS	04113000	00060	1		1937	3	460.1	31
USGS	04113000	00060	1		1937	4	2286	30
USGS	04113000	00060	1		1937	5	1392	31
USGS	04113000	00060	1		1937	6	2103	30
USGS	04113000	00060	1		1937	7	1185	31
USGS	04113000	00060	1		1937	8	377.5	31
USGS	04113000	00060	1		1937	9	228.3	30
USGS	04113000	00060	1		1937	10	265.8	31
USGS	04113000	00060	1		1937	11	320.5	30
USGS	04113000	00060	1		1937	12	339.2	31
USGS	04113000	00060	1		1938	1	363.8	31
USGS	04113000	00060	1		1938	2	2504	28
USGS	04113000	00060	1		1938	3	1603	31
USGS	04113000	00060	1		1938	4	1137	30
USGS	04113000	00060	1		1938	5	790.5	31
USGS	04113000	00060	1		1938	6	782.1	30
USGS	04113000	00060	1		1938	7	333.3	31
USGS	04113000	00060	1		1938	8	393.8	31
USGS	04113000	00060	1		1938	9	256.3	30
USGS	04113000	00060	1		1938	10	142.5	31
USGS	04113000	00060	1		1938	11	149.2	30
USGS	04113000	00060	1		1938	12	154.5	31
USGS	04113000	00060	1		1939	1	273.2	31
USGS	04113000	00060	1		1939	2	1021	28
USGS	04113000	00060	1		1939	3	1565	31
USGS	04113000	00060	1		1939	4	2203	30
USGS	04113000	00060	1		1939	5	548.1	31
USGS	04113000	00060	1		1939	6	443.2	30
USGS	04113000	00060	1		1939	7	199.1	31
USGS	04113000	00060	1		1939	8	147.0	31
USGS	04113000	00060	1		1939	9	96.6	30
USGS	04113000	00060	1		1939	10	144.6	31
USGS	04113000	00060	1		1939	11	186.9	30
USGS	04113000	00060	1		1939	12	195.7	31
USGS	04113000	00060	1		1940	1	188.2	31
USGS	04113000	00060	1		1940	2	204.6	29
USGS	04113000	00060	1		1940	3	788.8	31
USGS	04113000	00060	1		1940	4	1096	30
USGS	04113000	00060	1		1940	5	411.6	31
USGS	04113000	00060	1		1940	6	904.8	30
USGS	04113000	00060	1		1940	7	271.7	31
USGS	04113000	00060	1		1940	8	398.6	31
USGS	04113000	00060	1		1940	9	422.1	30
USGS	04113000	00060	1		1940	10	389.4	31
USGS	04113000	00060	1		1940	11	435.0	30
USGS	04113000	00060	1		1940	12	1065	31
USGS	04113000	00060	1		1941	1	1099	31
USGS	04113000	00060	1		1941	2	535.4	28
USGS	04113000	00060	1		1941	3	924.7	31
USGS	04113000	00060	1		1941	4	1268	30
USGS	04113000	00060	1		1941	5	447.4	31
USGS	04113000	00060	1		1941	6	498.9	30
USGS	04113000	00060	1		1941	7	191.0	31
USGS	04113000	00060	1		1941	8	98.0	31
USGS	04113000	00060	1		1941	9	110.1	30
USGS	04113000	00060	1		1941	10	307.3	31
USGS	04113000	00060	1		1941	11	626.2	30
USGS	04113000	00060	1		1941	12	480.1	31
USGS	04113000	00060	1		1942	1	473.3	31
USGS	04113000	00060	1		1942	2	759.4	28
USGS	04113000	00060	1		1942	3	3185	31
USGS	04113000	00060	1		1942	4	1294	30
USGS	04113000	00060	1		1942	5	451.2	31
USGS	04113000	00060	1		1942	6	812.4	30
USGS	04113000	00060	1		1942	7	354.9	31
USGS	04113000	00060	1		1942	8	384.7	31
USGS	04113000	00060	1		1942	9	222.2	30
USGS	04113000	00060	1		1942	10	409.7	31
USGS	04113000	00060	1		1942	11	819.4	30
USGS	04113000	00060	1		1942	12	1076	31
USGS	04113000	00060	1		1943	1	1315	31
USGS	04113000	00060	1		1943	2	2119	28
USGS	04113000	00060	1		1943	3	2323	31
USGS	04113000	00060	1		1943	4	1045	30
USGS	04113000	00060	1		1943	5	3530	31
USGS	04113000	00060	1		1943	6	2676	30
USGS	04113000	00060	1		1943	7	839.9	31
USGS	04113000	00060	1		1943	8	381.3	31
USGS	04113000	00060	1		1943	9	432.5	30
USGS	04113000	00060	1		1943	10	391.6	31
USGS	04113000	00060	1		1943	11	756.2	30
USGS	04113000	00060	1		1943	12	350.4	31
USGS	04113000	00060	1		1944	1	294.7	31
USGS	04113000	00060	1		1944	2	1130	29
USGS	04113000	00060	1		1944	3	1762	31
USGS	04113000	00060	1		1944	4	1902	30
USGS	04113000	00060	1		1944	5	1320	31
USGS	04113000	00060	1		1944	6	856.9	30
USGS	04113000	00060	1		1944	7	312.3	31
USGS	04113000	00060	1		1944	8	208.3	31
USGS	04113000	00060	1		1944	9	160.9	30
USGS	04113000	00060	1		1944	10	172.6	31
USGS	04113000	00060	1		1944	11	228.4	30
USGS	04113000	00060	1		1944	12	207.8	31
USGS	04113000	00060	1		1945	1	225.7	31
USGS	04113000	00060	1		1945	2	383.0	28
USGS	04113000	00060	1		1945	3	934.6	31
USGS	04113000	00060	1		1945	4	1073	30
USGS	04113000	00060	1		1945	5	2619	31
USGS	04113000	00060	1		1945	6	1446	30
USGS	04113000	00060	1		1945	7	457.5	31
USGS	04113000	00060	1		1945	8	245.0	31
USGS	04113000	00060	1		1945	9	365.5	30
USGS	04113000	00060	1		1945	10	1076	31
USGS	04113000	00060	1		1945	11	563.3	30
USGS	04113000	00060	1		1945	12	461.4	31
USGS	04113000	00060	1		1946	1	1176	31
USGS	04113000	00060	1		1946	2	571.0	28
USGS	04113000	00060	1		1946	3	2407	31
USGS	04113000	00060	1		1946	4	517.0	30
USGS	04113000	00060	1		1946	5	584.5	31
USGS	04113000	00060	1		1946	6	376.0	30
USGS	04113000	00060	1		1946	7	179.9	31
USGS	04113000	00060	1		1946	8	99.8	31
USGS	04113000	00060	1		1946	9	96.1	30
USGS	04113000	00060	1		1946	10	153.7	31
USGS	04113000	00060	1		1946	11	248.9	30
USGS	04113000	00060	1		1946	12	293.8	31
USGS	04113000	00060	1		1947	1	567.3	31
USGS	04113000	00060	1		1947	2	393.2	28
USGS	04113000	00060	1		1947	3	1306	31
USGS	04113000	00060	1		1947	4	5113	30
USGS	04113000	00060	1		1947	5	2446	31
USGS	04113000	00060	1		1947	6	1844	30
USGS	04113000	00060	1		1947	7	452.7	31
USGS	04113000	00060	1		1947	8	293.5	31
USGS	04113000	00060	1		1947	9	569.2	30
USGS	04113000	00060	1		1947	10	492.5	31
USGS	04113000	00060	1		1947	11	700.9	30
USGS	04113000	00060	1		1947	12	965.0	31
USGS	04113000	00060	1		1948	1	446.1	31
USGS	04113000	00060	1		1948	2	1251	29
USGS	04113000	00060	1		1948	3	3763	31
USGS	04113000	00060	1		1948	4	1908	30
USGS	04113000	00060	1		1948	5	2736	31
USGS	04113000	00060	1		1948	6	590.0	30
USGS	04113000	00060	1		1948	7	401.8	31
USGS	04113000	00060	1		1948	8	229.1	31
USGS	04113000	00060	1		1948	9	163.3	30
USGS	04113000	00060	1		1948	10	173.0	31
USGS	04113000	00060	1		1948	11	372.0	30
USGS	04113000	00060	1		1948	12	383.9	31
USGS	04113000	00060	1		1949	1	1028	31
USGS	04113000	00060	1		1949	2	2168	28
USGS	04113000	00060	1		1949	3	1032	31
USGS	04113000	00060	1		1949	4	1798	30
USGS	04113000	00060	1		1949	5	656.0	31
USGS	04113000	00060	1		1949	6	696.4	30
USGS	04113000	00060	1		1949	7	330.7	31
USGS	04113000	00060	1		1949	8	188.5	31
USGS	04113000	00060	1		1949	9	228.7	30
USGS	04113000	00060	1		1949	10	306.0	31
USGS	04113000	00060	1		1949	11	290.4	30
USGS	04113000	00060	1		1949	12	1203	31
USGS	04113000	00060	1		1950	1	2077	31
USGS	04113000	00060	1		1950	2	1523	28
USGS	04113000	00060	1		1950	3	3286	31
USGS	04113000	00060	1		1950	4	3870	30
USGS	04113000	00060	1		1950	5	1190	31
USGS	04113000	00060	1		1950	6	770.9	30
USGS	04113000	00060	1		1950	7	418.8	31
USGS	04113000	00060	1		1950	8	264.6	31
USGS	04113000	00060	1		1950	9	532.7	30
USGS	04113000	00060	1		1950	10	371.1	31
USGS	04113000	00060	1		1950	11	614.6	30
USGS	04113000	00060	1		1950	12	1190	31
USGS	04113000	00060	1		1951	1	1534	31
USGS	04113000	00060	1		1951	2	2055	28
USGS	04113000	00060	1		1951	3	1726	31
USGS	04113000	00060	1		1951	4	1818	30
USGS	04113000	00060	1		1951	5	1238	31
USGS	04113000	00060	1		1951	6	578.6	30
USGS	04113000	00060	1		1951	7	525.2	31
USGS	04113000	00060	1		1951	8	331.1	31
USGS	04113000	00060	1		1951	9	222.1	30
USGS	04113000	00060	1		1951	10	548.0	31
USGS	04113000	00060	1		1951	11	985.2	30
USGS	04113000	00060	1		1951	12	929.1	31
USGS	04113000	00060	1		1952	1	2338	31
USGS	04113000	00060	1		1952	2	1391	29
USGS	04113000	00060	1		1952	3	2036	31
USGS	04113000	00060	1		1952	4	2585	30
USGS	04113000	00060	1		1952	5	1234	31
USGS	04113000	00060	1		1952	6	596.7	30
USGS	04113000	00060	1		1952	7	292.3	31
USGS	04113000	00060	1		1952	8	245.4	31
USGS	04113000	00060	1		1952	9	251.1	30
USGS	04113000	00060	1		1952	10	207.0	31
USGS	04113000	00060	1		1952	11	421.6	30
USGS	04113000	00060	1		1952	12	556.1	31
USGS	04113000	00060	1		1953	1	571.0	31
USGS	04113000	00060	1		1953	2	536.6	28
USGS	04113000	00060	1		1953	3	1333	31
USGS	04113000	00060	1		1953	4	1130	30
USGS	04113000	00060	1		1953	5	886.9	31
USGS	04113000	00060	1		1953	6	686.5	30
USGS	04113000	00060	1		1953	7	343.8	31
USGS	04113000	00060	1		1953	8	277.8	31
USGS	04113000	00060	1		1953	9	146.8	30
USGS	04113000	00060	1		1953	10	145.2	31
USGS	04113000	00060	1		1953	11	194.3	30
USGS	04113000	00060	1		1953	12	251.7	31
USGS	04113000	00060	1		1954	1	229.8	31
USGS	04113000	00060	1		1954	2	1446	28
USGS	04113000	00060	1		1954	3	1890	31
USGS	04113000	00060	1		1954	4	1772	30
USGS	04113000	00060	1		1954	5	745.5	31
USGS	04113000	00060	1		1954	6	1434	30
USGS	04113000	00060	1		1954	7	504.3	31
USGS	04113000	00060	1		1954	8	268.4	31
USGS	04113000	00060	1		1954	9	215.2	30
USGS	04113000	00060	1		1954	10	1173	31
USGS	04113000	00060	1		1954	11	729.2	30
USGS	04113000	00060	1		1954	12	805.3	31
USGS	04113000	00060	1		1955	1	1202	31
USGS	04113000	00060	1		1955	2	976.5	28
USGS	04113000	00060	1		1955	3	2012	31
USGS	04113000	00060	1		1955	4	995.5	30
USGS	04113000	00060	1		1955	5	494.7	31
USGS	04113000	00060	1		1955	6	512.4	30
USGS	04113000	00060	1		1955	7	295.6	31
USGS	04113000	00060	1		1955	8	206.2	31
USGS	04113000	00060	1		1955	9	131.1	30
USGS	04113000	00060	1		1955	10	291.9	31
USGS	04113000	00060	1		1955	11	588.3	30
USGS	04113000	00060	1		1955	12	407.3	31
USGS	04113000	00060	1		1956	1	232.6	31
USGS	04113000	00060	1		1956	2	458.4	29
USGS	04113000	00060	1		1956	3	2511	31
USGS	04113000	00060	1		1956	4	1635	30
USGS	04113000	00060	1		1956	5	3815	31
USGS	04113000	00060	1		1956	6	646.8	30
USGS	04113000	00060	1		1956	7	425.1	31
USGS	04113000	00060	1		1956	8	385.7	31
USGS	04113000	00060	1		1956	9	207.5	30
USGS	04113000	00060	1		1956	10	164.0	31
USGS	04113000	00060	1		1956	11	236.5	30
USGS	04113000	00060	1		1956	12	384.9	31
USGS	04113000	00060	1		1957	1	401.2	31
USGS	04113000	00060	1		1957	2	746.1	28
USGS	04113000	00060	1		1957	3	885.5	31
USGS	04113000	00060	1		1957	4	1303	30
USGS	04113000	00060	1		1957	5	1461	31
USGS	04113000	00060	1		1957	6	533.3	30
USGS	04113000	00060	1		1957	7	1071	31
USGS	04113000	00060	1		1957	8	195.0	31
USGS	04113000	00060	1		1957	9	244.3	30
USGS	04113000	00060	1		1957	10	362.6	31
USGS	04113000	00060	1		1957	11	743.1	30
USGS	04113000	00060	1		1957	12	1062	31
USGS	04113000	00060	1		1958	1	594.1	31
USGS	04113000	00060	1		1958	2	540.2	28
USGS	04113000	00060	1		1958	3	1184	31
USGS	04113000	00060	1		1958	4	772.5	30
USGS	04113000	00060	1		1958	5	330.4	31
USGS	04113000	00060	1		1958	6	288.7	30
USGS	04113000	00060	1		1958	7	431.0	31
USGS	04113000	00060	1		1958	8	259.6	31
USGS	04113000	00060	1		1958	9	199.4	30
USGS	04113000	00060	1		1958	10	285.8	31
USGS	04113000	00060	1		1958	11	309.7	30
USGS	04113000	00060	1		1958	12	247.4	31
USGS	04113000	00060	1		1959	1	232.9	31
USGS	04113000	00060	1		1959	2	644.9	28
USGS	04113000	00060	1		1959	3	2880	31
USGS	04113000	00060	1		1959	4	2004	30
USGS	04113000	00060	1		1959	5	907.7	31
USGS	04113000	00060	1		1959	6	370.2	30
USGS	04113000	00060	1		1959	7	232.4	31
USGS	04113000	00060	1		1959	8	326.7	31
USGS	04113000	00060	1		1959	9	227.1	30
USGS	04113000	00060	1		1959	10	1079	31
USGS	04113000	00060	1		1959	11	1181	30
USGS	04113000	00060	1		1959	12	1050	31
USGS	04113000	00060	1		1960	1	1451	31
USGS	04113000	00060	1		1960	2	1299	29
USGS	04113000	00060	1		1960	3	1195	31
USGS	04113000	00060	1		1960	4	2565	30
USGS	04113000	00060	1		1960	5	1031	31
USGS	04113000	00060	1		1960	6	1125	30
USGS	04113000	00060	1		1960	7	510.1	31
USGS	04113000	00060	1		1960	8	288.1	31
USGS	04113000	00060	1		1960	9	228.6	30
USGS	04113000	00060	1		1960	10	252.0	31
USGS	04113000	00060	1		1960	11	427.9	30
USGS	04113000	00060	1		1960	12	253.2	31
USGS	04113000	00060	1		1961	1	206.8	31
USGS	04113000	00060	1		1961	2	318.6	28
USGS	04113000	00060	1		1961	3	1072	31
USGS	04113000	00060	1		1961	4	1466	30
USGS	04113000	00060	1		1961	5	1007	31
USGS	04113000	00060	1		1961	6	398.2	30
USGS	04113000	00060	1		1961	7	203.5	31
USGS	04113000	00060	1		1961	8	280.2	31
USGS	04113000	00060	1		1961	9	445.9	30
USGS	04113000	00060	1		1961	10	308.2	31
USGS	04113000	00060	1		1961	11	473.6	30
USGS	04113000	00060	1		1961	12	485.2	31
USGS	04113000	00060	1		1962	1	403.6	31
USGS	04113000	00060	1		1962	2	452.0	28
USGS	04113000	00060	1		1962	3	2309	31
USGS	04113000	00060	1		1962	4	1090	30
USGS	04113000	00060	1		1962	5	635.5	31
USGS	04113000	00060	1		1962	6	290.6	30
USGS	04113000	00060	1		1962	7	242.3	31
USGS	04113000	00060	1		1962	8	155.8	31
USGS	04113000	00060	1		1962	9	195.3	30
USGS	04113000	00060	1		1962	10	236.6	31
USGS	04113000	00060	1		1962	11	237.0	30
USGS	04113000	00060	1		1962	12	209.5	31
USGS	04113000	00060	1		1963	1	149.7	31
USGS	04113000	00060	1		1963	2	158.1	28
USGS	04113000	00060	1		1963	3	1354	31
USGS	04113000	00060	1		1963	4	706.7	30
USGS	04113000	00060	1		1963	5	765.0	31
USGS	04113000	00060	1		1963	6	413.1	30
USGS	04113000	00060	1		1963	7	155.8	31
USGS	04113000	00060	1		1963	8	125.2	31
USGS	04113000	00060	1		1963	9	93.6	30
USGS	04113000	00060	1		1963	10	88.5	31
USGS	04113000	00060	1		1963	11	139.9	30
USGS	04113000	00060	1		1963	12	123.6	31
USGS	04113000	00060	1		1964	1	165.6	31
USGS	04113000	00060	1		1964	2	179.8	29
USGS	04113000	00060	1		1964	3	348.0	31
USGS	04113000	00060	1		1964	4	602.5	30
USGS	04113000	00060	1		1964	5	496.9	31
USGS	04113000	00060	1		1964	6	216.6	30
USGS	04113000	00060	1		1964	7	165.5	31
USGS	04113000	00060	1		1964	8	142.3	31
USGS	04113000	00060	1		1964	9	120.3	30
USGS	04113000	00060	1		1964	10	126.2	31
USGS	04113000	00060	1		1964	11	138.5	30
USGS	04113000	00060	1		1964	12	223.6	31
USGS	04113000	00060	1		1965	1	340.5	31
USGS	04113000	00060	1		1965	2	1340	28
USGS	04113000	00060	1		1965	3	1641	31
USGS	04113000	00060	1		1965	4	1968	30
USGS	04113000	00060	1		1965	5	446.8	31
USGS	04113000	00060	1		1965	6	253.9	30
USGS	04113000	00060	1		1965	7	117.7	31
USGS	04113000	00060	1		1965	8	130.7	31
USGS	04113000	00060	1		1965	9	205.8	30
USGS	04113000	00060	1		1965	10	186.4	31
USGS	04113000	00060	1		1965	11	226.4	30
USGS	04113000	00060	1		1965	12	629.2	31
USGS	04113000	00060	1		1966	1	624.1	31
USGS	04113000	00060	1		1966	2	549.5	28
USGS	04113000	00060	1		1966	3	1294	31
USGS	04113000	00060	1		1966	4	1037	30
USGS	04113000	00060	1		1966	5	1201	31
USGS	04113000	00060	1		1966	6	357.5	30
USGS	04113000	00060	1		1966	7	219.6	31
USGS	04113000	00060	1		1966	8	223.2	31
USGS	04113000	00060	1		1966	9	135.2	30
USGS	04113000	00060	1		1966	10	120.3	31
USGS	04113000	00060	1		1966	11	346.6	30
USGS	04113000	00060	1		1966	12	951.5	31
USGS	04113000	00060	1		1967	1	516.3	31
USGS	04113000	00060	1		1967	2	831.4	28
USGS	04113000	00060	1		1967	3	1794	31
USGS	04113000	00060	1		1967	4	1815	30
USGS	04113000	00060	1		1967	5	677.9	31
USGS	04113000	00060	1		1967	6	477.0	30
USGS	04113000	00060	1		1967	7	311.6	31
USGS	04113000	00060	1		1967	8	188.7	31
USGS	04113000	00060	1		1967	9	157.2	30
USGS	04113000	00060	1		1967	10	321.5	31
USGS	04113000	00060	1		1967	11	640.0	30
USGS	04113000	00060	1		1967	12	1296	31
USGS	04113000	00060	1		1968	1	795.7	31
USGS	04113000	00060	1		1968	2	1991	29
USGS	04113000	00060	1		1968	3	1050	31
USGS	04113000	00060	1		1968	4	1271	30
USGS	04113000	00060	1		1968	5	801.7	31
USGS	04113000	00060	1		1968	6	2219	30
USGS	04113000	00060	1		1968	7	2067	31
USGS	04113000	00060	1		1968	8	853.0	31
USGS	04113000	00060	1		1968	9	489.6	30
USGS	04113000	00060	1		1968	10	413.0	31
USGS	04113000	00060	1		1968	11	629.1	30
USGS	04113000	00060	1		1968	12	1039	31
USGS	04113000	00060	1		1969	1	1668	31
USGS	04113000	00060	1		1969	2	1341	28
USGS	04113000	00060	1		1969	3	974.7	31
USGS	04113000	00060	1		1969	4	2474	30
USGS	04113000	00060	1		1969	5	1893	31
USGS	04113000	00060	1		1969	6	1293	30
USGS	04113000	00060	1		1969	7	1053	31
USGS	04113000	00060	1		1969	8	423.3	31
USGS	04113000	00060	1		1969	9	244.0	30
USGS	04113000	00060	1		1969	10	330.4	31
USGS	04113000	00060	1		1969	11	542.3	30
USGS	04113000	00060	1		1969	12	418.9	31
USGS	04113000	00060	1		1970	1	320.1	31
USGS	04113000	00060	1		1970	2	488.7	28
USGS	04113000	00060	1		1970	3	1034	31
USGS	04113000	00060	1		1970	4	2082	30
USGS	04113000	00060	1		1970	5	1183	31
USGS	04113000	00060	1		1970	6	860.6	30
USGS	04113000	00060	1		1970	7	570.9	31
USGS	04113000	00060	1		1970	8	301.2	31
USGS	04113000	00060	1		1970	9	298.3	30
USGS	04113000	00060	1		1970	10	518.2	31
USGS	04113000	00060	1		1970	11	808.1	30
USGS	04113000	00060	1		1970	12	912.3	31
USGS	04113000	00060	1		1971	1	426.4	31
USGS	04113000	00060	1		1971	2	1906	28
USGS	04113000	00060	1		1971	3	2358	31
USGS	04113000	00060	1		1971	4	1115	30
USGS	04113000	00060	1		1971	5	510.1	31
USGS	04113000	00060	1		1971	6	361.0	30
USGS	04113000	00060	1		1971	7	245.3	31
USGS	04113000	00060	1		1971	8	129.8	31
USGS	04113000	00060	1		1971	9	160.8	30
USGS	04113000	00060	1		1971	10	253.8	31
USGS	04113000	00060	1		1971	11	250.5	30
USGS	04113000	00060	1		1971	12	708.7	31
USGS	04113000	00060	1		1972	1	737.3	31
USGS	04113000	00060	1		1972	2	421.7	29
USGS	04113000	00060	1		1972	3	1690	31
USGS	04113000	00060	1		1972	4	1878	30
USGS	04113000	00060	1		1972	5	1053	31
USGS	04113000	00060	1		1972	6	421.4	30
USGS	04113000	00060	1		1972	7	303.3	31
USGS	04113000	00060	1		1972	8	297.1	31
USGS	04113000	00060	1		1972	9	550.8	30
USGS	04113000	00060	1		1972	10	615.6	31
USGS	04113000	00060	1		1972	11	1390	30
USGS	04113000	00060	1		1972	12	1385	31
USGS	04113000	00060	1		1973	1	2153	31
USGS	04113000	00060	1		1973	2	937.6	28
USGS	04113000	00060	1		1973	3	2934	31
USGS	04113000	00060	1		1973	4	2258	30
USGS	04113000	00060	1		1973	5	1214	31
USGS	04113000	00060	1		1973	6	1181	30
USGS	04113000	00060	1		1973	7	470.5	31
USGS	04113000	00060	1		1973	8	565.9	31
USGS	04113000	00060	1		1973	9	291.6	30
USGS	04113000	00060	1		1973	10	403.9	31
USGS	04113000	00060	1		1973	11	753.4	30
USGS	04113000	00060	1		1973	12	1233	31
USGS	04113000	00060	1		1974	1	2233	31
USGS	04113000	00060	1		1974	2	1962	28
USGS	04113000	00060	1		1974	3	3701	31
USGS	04113000	00060	1		1974	4	2844	30
USGS	04113000	00060	1		1974	5	1836	31
USGS	04113000	00060	1		1974	6	728.0	30
USGS	04113000	00060	1		1974	7	303.7	31
USGS	04113000	00060	1		1974	8	279.6	31
USGS	04113000	00060	1		1974	9	212.8	30
USGS	04113000	00060	1		1974	10	260.8	31
USGS	04113000	00060	1		1974	11	441.1	30
USGS	04113000	00060	1		1974	12	555.0	31
USGS	04113000	00060	1		1975	1	991.8	31
USGS	04113000	00060	1		1975	2	1300	28
USGS	04113000	00060	1		1975	3	1678	31
USGS	04113000	00060	1		1975	4	3393	30
USGS	04113000	00060	1		1975	5	1426	31
USGS	04113000	00060	1		1975	6	915.2	30
USGS	04113000	00060	1		1975	7	396.5	31
USGS	04113000	00060	1		1975	8	469.5	31
USGS	04113000	00060	1		1975	9	1248	30
USGS	04113000	00060	1		1975	10	447.1	31
USGS	04113000	00060	1		1975	11	620.6	30
USGS	04113000	00060	1		1975	12	1666	31
USGS	04113000	00060	1		1976	1	734.7	31
USGS	04113000	00060	1		1976	2	2550	29
USGS	04113000	00060	1		1976	3	3342	31
USGS	04113000	00060	1		1976	4	1791	30
USGS	04113000	00060	1		1976	5	1691	31
USGS	04113000	00060	1		1976	6	604.0	30
USGS	04113000	00060	1		1976	7	730.3	31
USGS	04113000	00060	1		1976	8	245.5	31
USGS	04113000	00060	1		1976	9	195.3	30
USGS	04113000	00060	1		1976	10	297.2	31
USGS	04113000	00060	1		1976	11	310.8	30
USGS	04113000	00060	1		1976	12	297.8	31
USGS	04113000	00060	1		1977	1	244.9	31
USGS	04113000	00060	1		1977	2	376.9	28
USGS	04113000	00060	1		1977	3	1404	31
USGS	04113000	00060	1		1977	4	1584	30
USGS	04113000	00060	1		1977	5	618.4	31
USGS	04113000	00060	1		1977	6	336.8	30
USGS	04113000	00060	1		1977	7	218.1	31
USGS	04113000	00060	1		1977	8	161.4	31
USGS	04113000	00060	1		1977	9	264.2	30
USGS	04113000	00060	1		1977	10	301.9	31
USGS	04113000	00060	1		1977	11	363.0	30
USGS	04113000	00060	1		1977	12	814.2	31
USGS	04113000	00060	1		1978	1	501.4	31
USGS	04113000	00060	1		1978	2	401.8	28
USGS	04113000	00060	1		1978	3	1707	31
USGS	04113000	00060	1		1978	4	2104	30
USGS	04113000	00060	1		1978	5	994.8	31
USGS	04113000	00060	1		1978	6	352.5	30
USGS	04113000	00060	1		1978	7	240.1	31
USGS	04113000	00060	1		1978	8	199.8	31
USGS	04113000	00060	1		1978	9	245.0	30
USGS	04113000	00060	1		1978	10	239.5	31
USGS	04113000	00060	1		1978	11	338.5	30
USGS	04113000	00060	1		1978	12	498.5	31
USGS	04113000	00060	1		1979	1	503.5	31
USGS	04113000	00060	1		1979	2	393.3	28
USGS	04113000	00060	1		1979	3	2166	31
USGS	04113000	00060	1		1979	4	1655	30
USGS	04113000	00060	1		1979	5	891.9	31
USGS	04113000	00060	1		1979	6	355.3	30
USGS	04113000	00060	1		1979	7	366.8	31
USGS	04113000	00060	1		1979	8	369.3	31
USGS	04113000	00060	1		1979	9	154.2	30
USGS	04113000	00060	1		1979	10	182.8	31
USGS	04113000	00060	1		1979	11	354.8	30
USGS	04113000	00060	1		1979	12	684.9	31
USGS	04113000	00060	1		1980	1	645.5	31
USGS	04113000	00060	1		1980	2	464.7	29
USGS	04113000	00060	1		1980	3	1265	31
USGS	04113000	00060	1		1980	4	1968	30
USGS	04113000	00060	1		1980	5	997.4	31
USGS	04113000	00060	1		1980	6	960.9	30
USGS	04113000	00060	1		1980	7	380.2	31
USGS	04113000	00060	1		1980	8	873.6	31
USGS	04113000	00060	1		1980	9	1006	30
USGS	04113000	00060	1		1980	10	602.7	31
USGS	04113000	00060	1		1980	11	494.2	30
USGS	04113000	00060	1		1980	12	1010	31
USGS	04113000	00060	1		1981	1	497.0	31
USGS	04113000	00060	1		1981	2	1958	28
USGS	04113000	00060	1		1981	3	1222	31
USGS	04113000	00060	1		1981	4	1814	30
USGS	04113000	00060	1		1981	5	1414	31
USGS	04113000	00060	1		1981	6	816.3	30
USGS	04113000	00060	1		1981	7	371.3	31
USGS	04113000	00060	1		1981	8	395.5	31
USGS	04113000	00060	1		1981	9	648.5	30
USGS	04113000	00060	1		1981	10	1566	31
USGS	04113000	00060	1		1981	11	904.7	30
USGS	04113000	00060	1		1981	12	625.6	31
USGS	04113000	00060	1		1982	1	569.9	31
USGS	04113000	00060	1		1982	2	534.7	28
USGS	04113000	00060	1		1982	3	3393	31
USGS	04113000	00060	1		1982	4	2464	30
USGS	04113000	00060	1		1982	5	834.3	31
USGS	04113000	00060	1		1982	6	966.2	30
USGS	04113000	00060	1		1982	7	543.7	31
USGS	04113000	00060	1		1982	8	262.5	31
USGS	04113000	00060	1		1982	9	284.5	30
USGS	04113000	00060	1		1982	10	281.8	31
USGS	04113000	00060	1		1982	11	846.7	30
USGS	04113000	00060	1		1982	12	1279	31
USGS	04113000	00060	1		1983	1	774.3	31
USGS	04113000	00060	1		1983	2	969.8	28
USGS	04113000	00060	1		1983	3	1481	31
USGS	04113000	00060	1		1983	4	2446	30
USGS	04113000	00060	1		1983	5	2155	31
USGS	04113000	00060	1		1983	6	1053	30
USGS	04113000	00060	1		1983	7	531.2	31
USGS	04113000	00060	1		1983	8	416.5	31
USGS	04113000	00060	1		1983	9	271.4	30
USGS	04113000	00060	1		1983	10	300.6	31
USGS	04113000	00060	1		1983	11	593.7	30
USGS	04113000	00060	1		1983	12	902.3	31
USGS	04113000	00060	1		1984	1	460.3	31
USGS	04113000	00060	1		1984	2	1195	29
USGS	04113000	00060	1		1984	3	1417	31
USGS	04113000	00060	1		1984	4	1618	30
USGS	04113000	00060	1		1984	5	1226	31
USGS	04113000	00060	1		1984	6	718.3	30
USGS	04113000	00060	1		1984	7	239.7	31
USGS	04113000	00060	1		1984	8	181.1	31
USGS	04113000	00060	1		1984	9	215.1	30
USGS	04113000	00060	1		1984	10	302.8	31
USGS	04113000	00060	1		1984	11	593.4	30
USGS	04113000	00060	1		1984	12	802.0	31
USGS	04113000	00060	1		1985	1	1380	31
USGS	04113000	00060	1		1985	2	1923	28
USGS	04113000	00060	1		1985	3	3481	31
USGS	04113000	00060	1		1985	4	3116	30
USGS	04113000	00060	1		1985	5	772.1	31
USGS	04113000	00060	1		1985	6	635.8	30
USGS	04113000	00060	1		1985	7	320.6	31
USGS	04113000	00060	1		1985	8	307.2	31
USGS	04113000	00060	1		1985	9	370.1	30
USGS	04113000	00060	1		1985	10	765.1	31
USGS	04113000	00060	1		1985	11	1481	30
USGS	04113000	00060	1		1985	12	1062	31
USGS	04113000	00060	1		1986	1	810.4	31
USGS	04113000	00060	1		1986	2	1440	28
USGS	04113000	00060	1		1986	3	2875	31
USGS	04113000	00060	1		1986	4	1416	30
USGS	04113000	00060	1		1986	5	932.3	31
USGS	04113000	00060	1		1986	6	1310	30
USGS	04113000	00060	1		1986	7	651.4	31
USGS	04113000	00060	1		1986	8	327.6	31
USGS	04113000	00060	1		1986	9	629.2	30
USGS	04113000	00060	1		1986	10	1880	31
USGS	04113000	00060	1		1986	11	704.5	30
USGS	04113000	00060	1		1986	12	1016	31
USGS	04113000	00060	1		1987	1	689.6	31
USGS	04113000	00060	1		1987	2	656.9	28
USGS	04113000	00060	1		1987	3	1126	31
USGS	04113000	00060	1		1987	4	916.7	30
USGS	04113000	00060	1		1987	5	434.6	31
USGS	04113000	00060	1		1987	6	338.4	30
USGS	04113000	00060	1		1987	7	196.6	31
USGS	04113000	00060	1		1987	8	222.5	31
USGS	04113000	00060	1		1987	9	351.1	30
USGS	04113000	00060	1		1987	10	342.5	31
USGS	04113000	00060	1		1987	11	532.4	30
USGS	04113000	00060	1		1987	12	1418	31
USGS	04113000	00060	1		1988	1	943.4	31
USGS	04113000	00060	1		1988	2	1169	29
USGS	04113000	00060	1		1988	3	1266	31
USGS	04113000	00060	1		1988	4	1657	30
USGS	04113000	00060	1		1988	5	518.1	31
USGS	04113000	00060	1		1988	6	178.6	30
USGS	04113000	00060	1		1988	7	152.2	31
USGS	04113000	00060	1		1988	8	219.0	31
USGS	04113000	00060	1		1988	9	348.5	30
USGS	04113000	00060	1		1988	10	538.5	31
USGS	04113000	00060	1		1988	11	1767	30
USGS	04113000	00060	1		1988	12	999.2	31
USGS	04113000	00060	1		1989	1	1019	31
USGS	04113000	00060	1		1989	2	702.2	28
USGS	04113000	00060	1		1989	3	1390	31
USGS	04113000	00060	1		1989	4	1550	30
USGS	04113000	00060	1		1989	5	824.4	31
USGS	04113000	00060	1		1989	6	2080	30
USGS	04113000	00060	1		1989	7	600.4	31
USGS	04113000	00060	1		1989	8	474.8	31
USGS	04113000	00060	1		1989	9	688.1	30
USGS	04113000	00060	1		1989	10	392.5	31
USGS	04113000	00060	1		1989	11	1006	30
USGS	04113000	00060	1		1989	12	507.7	31
USGS	04113000	00060	1		1990	1	1292	31
USGS	04113000	00060	1		1990	2	1437	28
USGS	04113000	00060	1		1990	3	2490	31
USGS	04113000	00060	1		1990	4	1718	30
USGS	04113000	00060	1		1990	5	1417	31
USGS	04113000	00060	1		1990	6	651.4	30
USGS	04113000	00060	1		1990	7	395.5	31
USGS	04113000	00060	1		1990	8	331.9	31
USGS	04113000	00060	1		1990	9	402.2	30
USGS	04113000	00060	1		1990	10	1016	31
USGS	04113000	00060	1		1990	11	1465	30
USGS	04113000	00060	1		1990	12	1562	31
USGS	04113000	00060	1		1991	1	1637	31
USGS	04113000	00060	1		1991	2	1508	28
USGS	04113000	00060	1		1991	3	1812	31
USGS	04113000	00060	1		1991	4	2082	30
USGS	04113000	00060	1		1991	5	1080	31
USGS	04113000	00060	1		1991	6	547.4	30
USGS	04113000	00060	1		1991	7	268.7	31
USGS	04113000	00060	1		1991	8	333.5	31
USGS	04113000	00060	1		1991	9	222.6	30
USGS	04113000	00060	1		1991	10	467.0	31
USGS	04113000	00060	1		1991	11	823.7	30
USGS	04113000	00060	1		1991	12	1422	31
USGS	04113000	00060	1		1992	1	989.2	31
USGS	04113000	00060	1		1992	2	1088	29
USGS	04113000	00060	1		1992	3	1509	31
USGS	04113000	00060	1		1992	4	1917	30
USGS	04113000	00060	1		1992	5	1072	31
USGS	04113000	00060	1		1992	6	592.3	30
USGS	04113000	00060	1		1992	7	773.8	31
USGS	04113000	00060	1		1992	8	1178	31
USGS	04113000	00060	1		1992	9	1207	30
USGS	04113000	00060	1		1992	10	1296	31
USGS	04113000	00060	1		1992	11	2559	30
USGS	04113000	00060	1		1992	12	1510	31
USGS	04113000	00060	1		1993	1	2669	31
USGS	04113000	00060	1		1993	2	1065	28
USGS	04113000	00060	1		1993	3	2162	31
USGS	04113000	00060	1		1993	4	2949	30
USGS	04113000	00060	1		1993	5	1354	31
USGS	04113000	00060	1		1993	6	1600	30
USGS	04113000	00060	1		1993	7	977.8	31
USGS	04113000	00060	1		1993	8	503.2	31
USGS	04113000	00060	1		1993	9	1005	30
USGS	04113000	00060	1		1993	10	1519	31
USGS	04113000	00060	1		1993	11	937.3	30
USGS	04113000	00060	1		1993	12	926.5	31
USGS	04113000	00060	1		1994	1	586.0	31
USGS	04113000	00060	1		1994	2	1446	28
USGS	04113000	00060	1		1994	3	2124	31
USGS	04113000	00060	1		1994	4	1697	30
USGS	04113000	00060	1		1994	5	1137	31
USGS	04113000	00060	1		1994	6	1246	30
USGS	04113000	00060	1		1994	7	1342	31
USGS	04113000	00060	1		1994	8	1068	31
USGS	04113000	00060	1		1994	9	445.8	30
USGS	04113000	00060	1		1994	10	742.7	31
USGS	04113000	00060	1		1994	11	1488	30
USGS	04113000	00060	1		1994	12	1629	31
USGS	04113000	00060	1		1995	1	1475	31
USGS	04113000	00060	1		1995	2	907.0	28
USGS	04113000	00060	1		1995	3	2019	31
USGS	04113000	00060	1		1995	4	1582	30
USGS	04113000	00060	1		1995	5	1104	31
USGS	04113000	00060	1		1995	6	531.9	30
USGS	04113000	00060	1		1995	7	455.1	31
USGS	04113000	00060	1		1995	8	839.2	31
USGS	04113000	00060	1		1995	9	288.4	30
USGS	04113000	00060	1		1995	10	353.7	31
USGS	04113000	00060	1		1995	11	974.5	30
USGS	04113000	00060	1		1995	12	593.8	31
USGS	04113000	00060	1		1996	1	709.3	31
USGS	04113000	00060	1		1996	2	685.3	29
USGS	04113000	00060	1		1996	3	1031	31
USGS	04113000	00060	1		1996	4	1303	30
USGS	04113000	00060	1		1996	5	1516	31
USGS	04113000	00060	1		1996	6	1465	30
USGS	04113000	00060	1		1996	7	377.1	31
USGS	04113000	00060	1		1996	8	273.6	31
USGS	04113000	00060	1		1996	9	253.7	30
USGS	04113000	00060	1		1996	10	295.4	31
USGS	04113000	00060	1		1996	11	601.1	30
USGS	04113000	00060	1		1996	12	870.9	31
USGS	04113000	00060	1		1997	1	998.5	31
USGS	04113000	00060	1		1997	2	1705	28
USGS	04113000	00060	1		1997	3	2264	31
USGS	04113000	00060	1		1997	4	1675	30
USGS	04113000	00060	1		1997	5	1229	31
USGS	04113000	00060	1		1997	6	824.6	30
USGS	04113000	00060	1		1997	7	420.9	31
USGS	04113000	00060	1		1997	8	389.6	31
USGS	04113000	00060	1		1997	9	692.9	30
USGS	04113000	00060	1		1997	10	472.6	31
USGS	04113000	00060	1		1997	11	697.9	30
USGS	04113000	00060	1		1997	12	792.8	31
USGS	04113000	00060	1		1998	1	1854	31
USGS	04113000	00060	1		1998	2	2148	28
USGS	04113000	00060	1		1998	3	2817	31
USGS	04113000	00060	1		1998	4	2073	30
USGS	04113000	00060	1		1998	5	1752	31
USGS	04113000	00060	1		1998	6	622.9	30
USGS	04113000	00060	1		1998	7	457.2	31
USGS	04113000	00060	1		1998	8	387.4	31
USGS	04113000	00060	1		1998	9	252.8	30
USGS	04113000	00060	1		1998	10	323.7	31
USGS	04113000	00060	1		1998	11	392.3	30
USGS	04113000	00060	1		1998	12	453.1	31
USGS	04113000	00060	1		1999	1	1074	31
USGS	04113000	00060	1		1999	2	1136	28
USGS	04113000	00060	1		1999	3	880.1	31
USGS	04113000	00060	1		1999	4	1993	30
USGS	04113000	00060	1		1999	5	891.6	31
USGS	04113000	00060	1		1999	6	419.1	30
USGS	04113000	00060	1		1999	7	505.2	31
USGS	04113000	00060	1		1999	8	249.8	31
USGS	04113000	00060	1		1999	9	162.7	30
USGS	04113000	00060	1		1999	10	215.2	31
USGS	04113000	00060	1		1999	11	250.6	30
USGS	04113000	00060	1		1999	12	399.0	31
USGS	04113000	00060	1		2000	1	361.3	31
USGS	04113000	00060	1		2000	2	437.4	29
USGS	04113000	00060	1		2000	3	604.9	31
USGS	04113000	00060	1		2000	4	922.1	30
USGS	04113000	00060	1		2000	5	1522	31
USGS	04113000	00060	1		2000	6	1121	30
USGS	04113000	00060	1		2000	7	872.4	31
USGS	04113000	00060	1		2000	8	827.3	31
USGS	04113000	00060	1		2000	9	716.9	30
USGS	04113000	00060	1		2000	10	665.1	31
USGS	04113000	00060	1		2000	11	827.2	30
USGS	04113000	00060	1		2000	12	734.5	31
USGS	04113000	00060	1		2001	1	796.1	31
USGS	04113000	00060	1		2001	2	3091	28
USGS	04113000	00060	1		2001	3	1787	31
USGS	04113000	00060	1		2001	4	1336	30
USGS	04113000	00060	1		2001	5	1754	31
USGS	04113000	00060	1		2001	6	1233	30
USGS	04113000	00060	1		2001	7	340.1	31
USGS	04113000	00060	1		2001	8	249.1	31
USGS	04113000	00060	1		2001	9	395.0	30
USGS	04113000	00060	1		2001	10	1481	31
USGS	04113000	00060	1		2001	11	1194	30
USGS	04113000	00060	1		2001	12	1356	31
USGS	04113000	00060	1		2002	1	867.2	31
USGS	04113000	00060	1		2002	2	1456	28
USGS	04113000	00060	1		2002	3	1805	31
USGS	04113000	00060	1		2002	4	1419	30
USGS	04113000	00060	1		2002	5	1451	31
USGS	04113000	00060	1		2002	6	693.4	30
USGS	04113000	00060	1		2002	7	349.8	31
USGS	04113000	00060	1		2002	8	279.0	31
USGS	04113000	00060	1		2002	9	174.1	30
USGS	04113000	00060	1		2002	10	208.3	31
USGS	04113000	00060	1		2002	11	304.5	30
USGS	04113000	00060	1		2002	12	309.5	31
USGS	04113000	00060	1		2003	1	300.5	31
USGS	04113000	00060	1		2003	2	274.5	28
USGS	04113000	00060	1		2003	3	785.3	31
USGS	04113000	00060	1		2003	4	1369	30
USGS	04113000	00060	1		2003	5	1138	31
USGS	04113000	00060	1		2003	6	597.3	30
USGS	04113000	00060	1		2003	7	243.4	31
USGS	04113000	00060	1		2003	8	215.9	31
USGS	04113000	00060	1		2003	9	233.6	30
USGS	04113000	00060	1		2003	10	322.1	31
USGS	04113000	00060	1		2003	11	830.4	30
USGS	04113000	00060	1		2003	12	684.0	31
USGS	04113000	00060	1		2004	1	692.5	31
USGS	04113000	00060	1		2004	2	535.8	29
USGS	04113000	00060	1		2004	3	1768	31
USGS	04113000	00060	1		2004	4	743.9	30
USGS	04113000	00060	1		2004	5	2514	31
USGS	04113000	00060	1		2004	6	1619	30
USGS	04113000	00060	1		2004	7	769.1	31
USGS	04113000	00060	1		2004	8	499.7	31
USGS	04113000	00060	1		2004	9	312.9	30
USGS	04113000	00060	1		2004	10	315.4	31
USGS	04113000	00060	1		2004	11	751.5	30
USGS	04113000	00060	1		2004	12	1434	31
USGS	04113000	00060	1		2005	1	2189	31
USGS	04113000	00060	1		2005	2	1897	28
USGS	04113000	00060	1		2005	3	1879	31
USGS	04113000	00060	1		2005	4	1075	30
USGS	04113000	00060	1		2005	5	681.6	31
USGS	04113000	00060	1		2005	6	530.7	30
USGS	04113000	00060	1		2005	7	457.7	31
USGS	04113000	00060	1		2005	8	251.4	31
USGS	04113000	00060	1		2005	9	205.2	30
USGS	04113000	00060	1		2005	10	186.4	31
USGS	04113000	00060	1		2005	11	328.9	30
USGS	04113000	00060	1		2005	12	425.3	31
USGS	04113000	00060	1		2006	1	1422	31
USGS	04113000	00060	1		2006	2	1607	28
USGS	04113000	00060	1		2006	3	1850	31
USGS	04113000	00060	1		2006	4	1278	30
USGS	04113000	00060	1		2006	5	1643	31
USGS	04113000	00060	1		2006	6	819.8	30
USGS	04113000	00060	1		2006	7	529.1	31
USGS	04113000	00060	1		2006	8	433.9	31
USGS	04113000	00060	1		2006	9	512.8	30
USGS	04113000	00060	1		2006	10	836.1	31
USGS	04113000	00060	1		2006	11	1246	30
USGS	04113000	00060	1		2006	12	1874	31
USGS	04113000	00060	1		2007	1	2188	31
USGS	04113000	00060	1		2007	2	743.2	28
USGS	04113000	00060	1		2007	3	2081	31
USGS	04113000	00060	1		2007	4	1589	30
USGS	04113000	00060	1		2007	5	1409	31
USGS	04113000	00060	1		2007	6	1260	30
USGS	04113000	00060	1		2007	7	286.6	31
USGS	04113000	00060	1		2007	8	477.0	31
USGS	04113000	00060	1		2007	9	392.0	30
USGS	04113000	00060	1		2007	10	467.2	31
USGS	04113000	00060	1		2007	11	504.7	30
USGS	04113000	00060	1		2007	12	1012	31
USGS	04113000	00060	1		2008	1	2275	31
USGS	04113000	00060	1		2008	2	2063	29
USGS	04113000	00060	1		2008	3	2415	31
USGS	04113000	00060	1		2008	4	2344	30
USGS	04113000	00060	1		2008	5	799.4	31
USGS	04113000	00060	1		2008	6	1337	30
USGS	04113000	00060	1		2008	7	919.8	31
USGS	04113000	00060	1		2008	8	258.6	31
USGS	04113000	00060	1		2008	9	2121	30
USGS	04113000	00060	1		2008	10	778.2	31
USGS	04113000	00060	1		2008	11	690.2	30
USGS	04113000	00060	1		2008	12	1528	31
USGS	04113000	00060	1		2009	1	1300	31
USGS	04113000	00060	1		2009	2	2271	28
USGS	04113000	00060	1		2009	3	3019	31
USGS	04113000	00060	1		2009	4	3024	30
USGS	04113000	00060	1		2009	5	2205	31
USGS	04113000	00060	1		2009	6	1782	30
USGS	04113000	00060	1		2009	7	716.1	31
USGS	04113000	00060	1		2009	8	609.2	31
USGS	04113000	00060	1		2009	9	400.7	30
USGS	04113000	00060	1		2009	10	653.0	31
USGS	04113000	00060	1		2009	11	751.9	30
USGS	04113000	00060	1		2009	12	894.3	31
USGS	04113000	00060	1		2010	1	753.4	31
USGS	04113000	00060	1		2010	2	579.5	28
USGS	04113000	00060	1		2010	3	1739	31
USGS	04113000	00060	1		2010	4	1214	30
USGS	04113000	00060	1		2010	5	1812	31
USGS	04113000	00060	1		2010	6	1924	30
USGS	04113000	00060	1		2010	7	808.1	31
USGS	04113000	00060	1		2010	8	496.8	31
USGS	04113000	00060	1		2010	9	344.6	30
USGS	04113000	00060	1		2010	10	307.0	31
USGS	04113000	00060	1		2010	11	400.1	30
USGS	04113000	00060	1		2010	12	434.5	31
USGS	04113000	00060	1		2011	1	490.1	31
USGS	04113000	00060	1		2011	2	691.9	28
USGS	04113000	00060	1		2011	3	2304	31
USGS	04113000	00060	1		2011	4	2334	30
USGS	04113000	00060	1		2011	5	2984	31
USGS	04113000	00060	1		2011	6	1468	30
USGS	04113000	00060	1		2011	7	1050	31
USGS	04113000	00060	1		2011	8	1433	31
USGS	04113000	00060	1		2011	9	586.5	30
USGS	04113000	00060	1		2011	10	868.4	31
USGS	04113000	00060	1		2011	11	963.0	30
USGS	04113000	00060	1		2011	12	2354	31
USGS	04113000	00060	1		2012	1	1697	31
USGS	04113000	00060	1		2012	2	1601	29
USGS	04113000	00060	1		2012	3	2088	31
USGS	04113000	00060	1		2012	4	1206	30
USGS	04113000	00060	1		2012	5	1046	31
USGS	04113000	00060	1		2012	6	374.4	30
USGS	04113000	00060	1		2012	7	206.7	31
USGS	04113000	00060	1		2012	8	235.1	31
USGS	04113000	00060	1		2012	9	207.4	30
USGS	04113000	00060	1		2012	10	294.5	31
USGS	04113000	00060	1		2012	11	313.4	30
USGS	04113000	00060	1		2012	12	431.4	31
USGS	04113000	00060	1		2013	1	679.9	31
USGS	04113000	00060	1		2013	2	1068	28
USGS	04113000	00060	1		2013	3	1134	31
USGS	04113000	00060	1		2013	4	2756	30
USGS	04113000	00060	1		2013	5	1329	31
USGS	04113000	00060	1		2013	6	1299	30
USGS	04113000	00060	1		2013	7	536.2	31
USGS	04113000	00060	1		2013	8	435.1	31
USGS	04113000	00060	1		2013	9	346.0	30
USGS	04113000	00060	1		2013	10	348.3	31
USGS	04113000	00060	1		2013	11	743.7	30
USGS	04113000	00060	1		2013	12	637.7	31
USGS	04113000	00060	1		2014	1	905.9	31
USGS	04113000	00060	1		2014	2	629.6	28
USGS	04113000	00060	1		2014	3	2291	31
USGS	04113000	00060	1		2014	4	1907	30
USGS	04113000	00060	1		2014	5	1745	31
USGS	04113000	00060	1		2014	6	916.0	30
USGS	04113000	00060	1		2014	7	799.4	31
USGS	04113000	00060	1		2014	8	443.1	31
