#
#
# US Geological Survey, Water Resources Data
# retrieved: 2014-11-20 16:24:55 EST	(natwebcaas01)
#
# This file contains USGS Monthly Statistics
#
# Note:The statistics generated are based on approved daily-mean data and may not match those published by the USGS in official publications.
# The user is responsible for assessment and use of statistics from this site.
# For more details on why the statistics may not match, visit http://help.waterdata.usgs.gov/faq/about-statistics.
#
# Data heading explanations.
# agency_cd       -- agency code
# site_no         -- Site identification number
# parameter_cd    -- Parameter code
# station_nm      -- Site name
# loc_web_ds      -- Additional measurement description
#
# Data for the following 1 site(s) are contained in this file
# agency_cd   site_no      parameter_cd   station_nm (loc_web_ds)
# USGS        04114500     00060          LOOKING GLASS RIVER AT HINMAN RD NEAR EAGLE, MI
#
# Explanation of Parameter Codes
# parameter_cd	Parameter Name
# 00060         Discharge, cubic feet per second
#
# Data heading explanations.
# year_nu     ... Calendar year for value.
# month_nu    ... Month for value.
# mean_va     ... Mean of daily mean values for this month.
# count_nu    ... Number of values used in the calculation.
#
agency_cd	site_no	parameter_cd	dd_nu	loc_web_ds	year_nu	month_nu	mean_va	count_nu
# 5s	15s	5s	3n	15s	4s	2s	12n	8n
USGS	04114500	00060	1		1944	8	29.4	31
USGS	04114500	00060	1		1944	9	34.6	30
USGS	04114500	00060	1		1944	10	37.4	31
USGS	04114500	00060	1		1944	11	41.7	30
USGS	04114500	00060	1		1944	12	38.2	31
USGS	04114500	00060	1		1945	1	33.6	31
USGS	04114500	00060	1		1945	2	74.0	28
USGS	04114500	00060	1		1945	3	153.5	31
USGS	04114500	00060	1		1945	4	145.4	30
USGS	04114500	00060	1		1945	5	521.4	31
USGS	04114500	00060	1		1945	6	181.6	30
USGS	04114500	00060	1		1945	7	73.6	31
USGS	04114500	00060	1		1945	8	63.5	31
USGS	04114500	00060	1		1945	9	160.5	30
USGS	04114500	00060	1		1945	10	308.1	31
USGS	04114500	00060	1		1945	11	179.7	30
USGS	04114500	00060	1		1945	12	98.9	31
USGS	04114500	00060	1		1946	1	291.9	31
USGS	04114500	00060	1		1946	2	133.4	28
USGS	04114500	00060	1		1946	3	738.1	31
USGS	04114500	00060	1		1946	4	116.9	30
USGS	04114500	00060	1		1946	5	102.1	31
USGS	04114500	00060	1		1946	6	126.3	30
USGS	04114500	00060	1		1946	7	38.4	31
USGS	04114500	00060	1		1946	8	30.5	31
USGS	04114500	00060	1		1946	9	26.1	30
USGS	04114500	00060	1		1946	10	32.5	31
USGS	04114500	00060	1		1946	11	45.3	30
USGS	04114500	00060	1		1946	12	56.8	31
USGS	04114500	00060	1		1947	1	111.3	31
USGS	04114500	00060	1		1947	2	73.0	28
USGS	04114500	00060	1		1947	3	255.3	31
USGS	04114500	00060	1		1947	4	1131	30
USGS	04114500	00060	1		1947	5	365.3	31
USGS	04114500	00060	1		1947	6	405.7	30
USGS	04114500	00060	1		1947	7	94.2	31
USGS	04114500	00060	1		1947	8	64.3	31
USGS	04114500	00060	1		1947	9	200.5	30
USGS	04114500	00060	1		1947	10	119.5	31
USGS	04114500	00060	1		1947	11	174.6	30
USGS	04114500	00060	1		1947	12	256.4	31
USGS	04114500	00060	1		1948	1	111.9	31
USGS	04114500	00060	1		1948	2	342.8	29
USGS	04114500	00060	1		1948	3	1054	31
USGS	04114500	00060	1		1948	4	404.8	30
USGS	04114500	00060	1		1948	5	640.6	31
USGS	04114500	00060	1		1948	6	126.2	30
USGS	04114500	00060	1		1948	7	84.8	31
USGS	04114500	00060	1		1948	8	45.3	31
USGS	04114500	00060	1		1948	9	33.7	30
USGS	04114500	00060	1		1948	10	36.5	31
USGS	04114500	00060	1		1948	11	50.8	30
USGS	04114500	00060	1		1948	12	61.6	31
USGS	04114500	00060	1		1949	1	203.4	31
USGS	04114500	00060	1		1949	2	434.7	28
USGS	04114500	00060	1		1949	3	217.3	31
USGS	04114500	00060	1		1949	4	325.4	30
USGS	04114500	00060	1		1949	5	104.4	31
USGS	04114500	00060	1		1949	6	88.1	30
USGS	04114500	00060	1		1949	7	86.5	31
USGS	04114500	00060	1		1949	8	52.5	31
USGS	04114500	00060	1		1949	9	36.2	30
USGS	04114500	00060	1		1949	10	40.6	31
USGS	04114500	00060	1		1949	11	47.0	30
USGS	04114500	00060	1		1949	12	190.5	31
USGS	04114500	00060	1		1950	1	441.4	31
USGS	04114500	00060	1		1950	2	296.0	28
USGS	04114500	00060	1		1950	3	639.4	31
USGS	04114500	00060	1		1950	4	853.7	30
USGS	04114500	00060	1		1950	5	268.0	31
USGS	04114500	00060	1		1950	6	299.2	30
USGS	04114500	00060	1		1950	7	84.5	31
USGS	04114500	00060	1		1950	8	66.4	31
USGS	04114500	00060	1		1950	9	203.2	30
USGS	04114500	00060	1		1950	10	96.4	31
USGS	04114500	00060	1		1950	11	148.2	30
USGS	04114500	00060	1		1950	12	296.5	31
USGS	04114500	00060	1		1951	1	353.0	31
USGS	04114500	00060	1		1951	2	560.7	28
USGS	04114500	00060	1		1951	3	439.4	31
USGS	04114500	00060	1		1951	4	403.2	30
USGS	04114500	00060	1		1951	5	266.9	31
USGS	04114500	00060	1		1951	6	135.9	30
USGS	04114500	00060	1		1951	7	52.5	31
USGS	04114500	00060	1		1951	8	40.9	31
USGS	04114500	00060	1		1951	9	42.9	30
USGS	04114500	00060	1		1951	10	82.4	31
USGS	04114500	00060	1		1951	11	184.0	30
USGS	04114500	00060	1		1951	12	157.7	31
USGS	04114500	00060	1		1952	1	448.1	31
USGS	04114500	00060	1		1952	2	289.7	29
USGS	04114500	00060	1		1952	3	521.1	31
USGS	04114500	00060	1		1952	4	648.2	30
USGS	04114500	00060	1		1952	5	206.3	31
USGS	04114500	00060	1		1952	6	97.5	30
USGS	04114500	00060	1		1952	7	40.6	31
USGS	04114500	00060	1		1952	8	43.6	31
USGS	04114500	00060	1		1952	9	37.1	30
USGS	04114500	00060	1		1952	10	34.8	31
USGS	04114500	00060	1		1952	11	63.2	30
USGS	04114500	00060	1		1952	12	85.0	31
USGS	04114500	00060	1		1953	1	89.8	31
USGS	04114500	00060	1		1953	2	98.9	28
USGS	04114500	00060	1		1953	3	233.2	31
USGS	04114500	00060	1		1953	4	185.3	30
USGS	04114500	00060	1		1953	5	196.1	31
USGS	04114500	00060	1		1953	6	51.1	30
USGS	04114500	00060	1		1953	7	34.7	31
USGS	04114500	00060	1		1953	8	38.9	31
USGS	04114500	00060	1		1953	9	24.3	30
USGS	04114500	00060	1		1953	10	28.0	31
USGS	04114500	00060	1		1953	11	33.9	30
USGS	04114500	00060	1		1953	12	41.1	31
USGS	04114500	00060	1		1954	1	38.7	31
USGS	04114500	00060	1		1954	2	263.1	28
USGS	04114500	00060	1		1954	3	352.1	31
USGS	04114500	00060	1		1954	4	309.2	30
USGS	04114500	00060	1		1954	5	135.9	31
USGS	04114500	00060	1		1954	6	128.1	30
USGS	04114500	00060	1		1954	7	50.4	31
USGS	04114500	00060	1		1954	8	27.5	31
USGS	04114500	00060	1		1954	9	25.2	30
USGS	04114500	00060	1		1954	10	96.5	31
USGS	04114500	00060	1		1954	11	96.6	30
USGS	04114500	00060	1		1954	12	110.1	31
USGS	04114500	00060	1		1955	1	210.6	31
USGS	04114500	00060	1		1955	2	216.8	28
USGS	04114500	00060	1		1955	3	460.2	31
USGS	04114500	00060	1		1955	4	189.4	30
USGS	04114500	00060	1		1955	5	83.1	31
USGS	04114500	00060	1		1955	6	71.8	30
USGS	04114500	00060	1		1955	7	43.8	31
USGS	04114500	00060	1		1955	8	31.6	31
USGS	04114500	00060	1		1955	9	25.8	30
USGS	04114500	00060	1		1955	10	37.1	31
USGS	04114500	00060	1		1955	11	81.2	30
USGS	04114500	00060	1		1955	12	79.6	31
USGS	04114500	00060	1		1956	1	41.6	31
USGS	04114500	00060	1		1956	2	66.3	29
USGS	04114500	00060	1		1956	3	613.1	31
USGS	04114500	00060	1		1956	4	321.0	30
USGS	04114500	00060	1		1956	5	909.9	31
USGS	04114500	00060	1		1956	6	117.4	30
USGS	04114500	00060	1		1956	7	57.4	31
USGS	04114500	00060	1		1956	8	96.7	31
USGS	04114500	00060	1		1956	9	40.8	30
USGS	04114500	00060	1		1956	10	38.7	31
USGS	04114500	00060	1		1956	11	48.2	30
USGS	04114500	00060	1		1956	12	69.1	31
USGS	04114500	00060	1		1957	1	72.1	31
USGS	04114500	00060	1		1957	2	132.1	28
USGS	04114500	00060	1		1957	3	184.5	31
USGS	04114500	00060	1		1957	4	235.9	30
USGS	04114500	00060	1		1957	5	529.8	31
USGS	04114500	00060	1		1957	6	162.9	30
USGS	04114500	00060	1		1957	7	374.1	31
USGS	04114500	00060	1		1957	8	57.2	31
USGS	04114500	00060	1		1957	9	44.0	30
USGS	04114500	00060	1		1957	10	75.8	31
USGS	04114500	00060	1		1957	11	163.3	30
USGS	04114500	00060	1		1957	12	214.3	31
USGS	04114500	00060	1		1958	1	141.4	31
USGS	04114500	00060	1		1958	2	115.4	28
USGS	04114500	00060	1		1958	3	298.4	31
USGS	04114500	00060	1		1958	4	129.6	30
USGS	04114500	00060	1		1958	5	64.8	31
USGS	04114500	00060	1		1958	6	49.8	30
USGS	04114500	00060	1		1958	7	62.8	31
USGS	04114500	00060	1		1958	8	30.4	31
USGS	04114500	00060	1		1958	9	29.2	30
USGS	04114500	00060	1		1958	10	30.2	31
USGS	04114500	00060	1		1958	11	38.7	30
USGS	04114500	00060	1		1958	12	35.0	31
USGS	04114500	00060	1		1959	1	33.5	31
USGS	04114500	00060	1		1959	2	49.5	28
USGS	04114500	00060	1		1959	3	663.8	31
USGS	04114500	00060	1		1959	4	468.6	30
USGS	04114500	00060	1		1959	5	151.5	31
USGS	04114500	00060	1		1959	6	60.9	30
USGS	04114500	00060	1		1959	7	30.1	31
USGS	04114500	00060	1		1959	8	51.9	31
USGS	04114500	00060	1		1959	9	49.6	30
USGS	04114500	00060	1		1959	10	148.3	31
USGS	04114500	00060	1		1959	11	251.8	30
USGS	04114500	00060	1		1959	12	234.5	31
USGS	04114500	00060	1		1960	1	321.3	31
USGS	04114500	00060	1		1960	2	246.1	29
USGS	04114500	00060	1		1960	3	243.5	31
USGS	04114500	00060	1		1960	4	716.4	30
USGS	04114500	00060	1		1960	5	287.8	31
USGS	04114500	00060	1		1960	6	138.5	30
USGS	04114500	00060	1		1960	7	50.4	31
USGS	04114500	00060	1		1960	8	38.4	31
USGS	04114500	00060	1		1960	9	28.3	30
USGS	04114500	00060	1		1960	10	31.6	31
USGS	04114500	00060	1		1960	11	39.2	30
USGS	04114500	00060	1		1960	12	38.4	31
USGS	04114500	00060	1		1961	1	33.8	31
USGS	04114500	00060	1		1961	2	50.3	28
USGS	04114500	00060	1		1961	3	135.6	31
USGS	04114500	00060	1		1961	4	205.1	30
USGS	04114500	00060	1		1961	5	171.3	31
USGS	04114500	00060	1		1961	6	51.0	30
USGS	04114500	00060	1		1961	7	28.1	31
USGS	04114500	00060	1		1961	8	43.2	31
USGS	04114500	00060	1		1961	9	47.0	30
USGS	04114500	00060	1		1961	10	42.1	31
USGS	04114500	00060	1		1961	11	73.2	30
USGS	04114500	00060	1		1961	12	72.4	31
USGS	04114500	00060	1		1962	1	56.8	31
USGS	04114500	00060	1		1962	2	73.2	28
USGS	04114500	00060	1		1962	3	602.4	31
USGS	04114500	00060	1		1962	4	245.6	30
USGS	04114500	00060	1		1962	5	152.3	31
USGS	04114500	00060	1		1962	6	51.0	30
USGS	04114500	00060	1		1962	7	27.8	31
USGS	04114500	00060	1		1962	8	17.8	31
USGS	04114500	00060	1		1962	9	19.7	30
USGS	04114500	00060	1		1962	10	30.3	31
USGS	04114500	00060	1		1962	11	34.1	30
USGS	04114500	00060	1		1962	12	34.0	31
USGS	04114500	00060	1		1963	1	24.0	31
USGS	04114500	00060	1		1963	2	24.3	28
USGS	04114500	00060	1		1963	3	213.0	31
USGS	04114500	00060	1		1963	4	109.4	30
USGS	04114500	00060	1		1963	5	79.5	31
USGS	04114500	00060	1		1963	6	57.7	30
USGS	04114500	00060	1		1963	7	23.0	31
USGS	04114500	00060	1		1963	8	23.2	31
USGS	04114500	00060	1		1963	9	15.3	30
USGS	04114500	00060	1		1963	10	15.3	31
USGS	04114500	00060	1		1963	11	25.0	30
USGS	04114500	00060	1		1963	12	21.6	31
USGS	04114500	00060	1		1964	1	25.7	31
USGS	04114500	00060	1		1964	2	29.1	29
USGS	04114500	00060	1		1964	3	47.0	31
USGS	04114500	00060	1		1964	4	85.9	30
USGS	04114500	00060	1		1964	5	94.5	31
USGS	04114500	00060	1		1964	6	31.3	30
USGS	04114500	00060	1		1964	7	19.6	31
USGS	04114500	00060	1		1964	8	17.9	31
USGS	04114500	00060	1		1964	9	15.4	30
USGS	04114500	00060	1		1964	10	20.2	31
USGS	04114500	00060	1		1964	11	25.3	30
USGS	04114500	00060	1		1964	12	37.4	31
USGS	04114500	00060	1		1965	1	49.7	31
USGS	04114500	00060	1		1965	2	326.1	28
USGS	04114500	00060	1		1965	3	411.2	31
USGS	04114500	00060	1		1965	4	501.7	30
USGS	04114500	00060	1		1965	5	90.3	31
USGS	04114500	00060	1		1965	6	37.8	30
USGS	04114500	00060	1		1965	7	13.6	31
USGS	04114500	00060	1		1965	8	16.9	31
USGS	04114500	00060	1		1965	9	33.8	30
USGS	04114500	00060	1		1965	10	34.7	31
USGS	04114500	00060	1		1965	11	36.5	30
USGS	04114500	00060	1		1965	12	122.2	31
USGS	04114500	00060	1		1966	1	136.9	31
USGS	04114500	00060	1		1966	2	131.1	28
USGS	04114500	00060	1		1966	3	364.8	31
USGS	04114500	00060	1		1966	4	240.7	30
USGS	04114500	00060	1		1966	5	209.2	31
USGS	04114500	00060	1		1966	6	67.9	30
USGS	04114500	00060	1		1966	7	36.6	31
USGS	04114500	00060	1		1966	8	27.2	31
USGS	04114500	00060	1		1966	9	22.1	30
USGS	04114500	00060	1		1966	10	23.7	31
USGS	04114500	00060	1		1966	11	55.8	30
USGS	04114500	00060	1		1966	12	154.4	31
USGS	04114500	00060	1		1967	1	112.7	31
USGS	04114500	00060	1		1967	2	183.9	28
USGS	04114500	00060	1		1967	3	446.7	31
USGS	04114500	00060	1		1967	4	684.6	30
USGS	04114500	00060	1		1967	5	182.1	31
USGS	04114500	00060	1		1967	6	114.0	30
USGS	04114500	00060	1		1967	7	88.2	31
USGS	04114500	00060	1		1967	8	39.6	31
USGS	04114500	00060	1		1967	9	32.1	30
USGS	04114500	00060	1		1967	10	49.2	31
USGS	04114500	00060	1		1967	11	139.9	30
USGS	04114500	00060	1		1967	12	244.9	31
USGS	04114500	00060	1		1968	1	140.5	31
USGS	04114500	00060	1		1968	2	315.9	29
USGS	04114500	00060	1		1968	3	184.0	31
USGS	04114500	00060	1		1968	4	276.8	30
USGS	04114500	00060	1		1968	5	123.7	31
USGS	04114500	00060	1		1968	6	290.1	30
USGS	04114500	00060	1		1968	7	285.7	31
USGS	04114500	00060	1		1968	8	65.4	31
USGS	04114500	00060	1		1968	9	54.0	30
USGS	04114500	00060	1		1968	10	52.2	31
USGS	04114500	00060	1		1968	11	96.6	30
USGS	04114500	00060	1		1968	12	173.9	31
USGS	04114500	00060	1		1969	1	234.3	31
USGS	04114500	00060	1		1969	2	210.5	28
USGS	04114500	00060	1		1969	3	160.1	31
USGS	04114500	00060	1		1969	4	414.0	30
USGS	04114500	00060	1		1969	5	446.3	31
USGS	04114500	00060	1		1969	6	170.7	30
USGS	04114500	00060	1		1969	7	218.5	31
USGS	04114500	00060	1		1969	8	72.2	31
USGS	04114500	00060	1		1969	9	37.0	30
USGS	04114500	00060	1		1969	10	44.7	31
USGS	04114500	00060	1		1969	11	77.5	30
USGS	04114500	00060	1		1969	12	64.8	31
USGS	04114500	00060	1		1970	1	47.6	31
USGS	04114500	00060	1		1970	2	61.5	28
USGS	04114500	00060	1		1970	3	162.5	31
USGS	04114500	00060	1		1970	4	399.3	30
USGS	04114500	00060	1		1970	5	198.4	31
USGS	04114500	00060	1		1970	6	127.4	30
USGS	04114500	00060	1		1970	7	77.8	31
USGS	04114500	00060	1		1970	8	41.7	31
USGS	04114500	00060	1		1970	9	58.0	30
USGS	04114500	00060	1		1970	10	102.9	31
USGS	04114500	00060	1		1970	11	218.0	30
USGS	04114500	00060	1		1970	12	213.8	31
USGS	04114500	00060	1		1971	1	106.5	31
USGS	04114500	00060	1		1971	2	578.6	28
USGS	04114500	00060	1		1971	3	846.7	31
USGS	04114500	00060	1		1971	4	285.1	30
USGS	04114500	00060	1		1971	5	99.0	31
USGS	04114500	00060	1		1971	6	66.2	30
USGS	04114500	00060	1		1971	7	53.2	31
USGS	04114500	00060	1		1971	8	28.7	31
USGS	04114500	00060	1		1971	9	32.3	30
USGS	04114500	00060	1		1971	10	37.4	31
USGS	04114500	00060	1		1971	11	42.3	30
USGS	04114500	00060	1		1971	12	129.9	31
USGS	04114500	00060	1		1972	1	140.8	31
USGS	04114500	00060	1		1972	2	88.6	29
USGS	04114500	00060	1		1972	3	419.0	31
USGS	04114500	00060	1		1972	4	622.9	30
USGS	04114500	00060	1		1972	5	289.3	31
USGS	04114500	00060	1		1972	6	73.9	30
USGS	04114500	00060	1		1972	7	84.3	31
USGS	04114500	00060	1		1972	8	78.5	31
USGS	04114500	00060	1		1972	9	58.4	30
USGS	04114500	00060	1		1972	10	93.8	31
USGS	04114500	00060	1		1972	11	259.8	30
USGS	04114500	00060	1		1972	12	287.6	31
USGS	04114500	00060	1		1973	1	504.7	31
USGS	04114500	00060	1		1973	2	253.6	28
USGS	04114500	00060	1		1973	3	807.3	31
USGS	04114500	00060	1		1973	4	622.1	30
USGS	04114500	00060	1		1973	5	273.1	31
USGS	04114500	00060	1		1973	6	229.3	30
USGS	04114500	00060	1		1973	7	90.5	31
USGS	04114500	00060	1		1973	8	45.9	31
USGS	04114500	00060	1		1973	9	40.7	30
USGS	04114500	00060	1		1973	10	46.0	31
USGS	04114500	00060	1		1973	11	121.1	30
USGS	04114500	00060	1		1973	12	244.9	31
USGS	04114500	00060	1		1974	1	461.1	31
USGS	04114500	00060	1		1974	2	521.2	28
USGS	04114500	00060	1		1974	3	879.2	31
USGS	04114500	00060	1		1974	4	591.2	30
USGS	04114500	00060	1		1974	5	420.8	31
USGS	04114500	00060	1		1974	6	161.4	30
USGS	04114500	00060	1		1974	7	68.2	31
USGS	04114500	00060	1		1974	8	51.2	31
USGS	04114500	00060	1		1974	9	43.8	30
USGS	04114500	00060	1		1974	10	47.4	31
USGS	04114500	00060	1		1974	11	80.3	30
USGS	04114500	00060	1		1974	12	102.6	31
USGS	04114500	00060	1		1975	1	212.5	31
USGS	04114500	00060	1		1975	2	243.5	28
USGS	04114500	00060	1		1975	3	463.3	31
USGS	04114500	00060	1		1975	4	744.2	30
USGS	04114500	00060	1		1975	5	354.2	31
USGS	04114500	00060	1		1975	6	138.7	30
USGS	04114500	00060	1		1975	7	69.3	31
USGS	04114500	00060	1		1975	8	184.3	31
USGS	04114500	00060	1		1975	9	532.4	30
USGS	04114500	00060	1		1975	10	111.9	31
USGS	04114500	00060	1		1975	11	185.1	30
USGS	04114500	00060	1		1975	12	444.6	31
USGS	04114500	00060	1		1976	1	173.9	31
USGS	04114500	00060	1		1976	2	673.2	29
USGS	04114500	00060	1		1976	3	1006	31
USGS	04114500	00060	1		1976	4	423.2	30
USGS	04114500	00060	1		1976	5	475.0	31
USGS	04114500	00060	1		1976	6	98.3	30
USGS	04114500	00060	1		1976	7	144.2	31
USGS	04114500	00060	1		1976	8	51.5	31
USGS	04114500	00060	1		1976	9	40.0	30
USGS	04114500	00060	1		1976	10	49.3	31
USGS	04114500	00060	1		1976	11	56.0	30
USGS	04114500	00060	1		1976	12	51.9	31
USGS	04114500	00060	1		1977	1	44.1	31
USGS	04114500	00060	1		1977	2	71.8	28
USGS	04114500	00060	1		1977	3	251.1	31
USGS	04114500	00060	1		1977	4	259.5	30
USGS	04114500	00060	1		1977	5	123.6	31
USGS	04114500	00060	1		1977	6	41.1	30
USGS	04114500	00060	1		1977	7	32.3	31
USGS	04114500	00060	1		1977	8	25.8	31
USGS	04114500	00060	1		1977	9	37.0	30
USGS	04114500	00060	1		1977	10	44.0	31
USGS	04114500	00060	1		1977	11	49.3	30
USGS	04114500	00060	1		1977	12	99.6	31
USGS	04114500	00060	1		1978	1	62.4	31
USGS	04114500	00060	1		1978	2	57.8	28
USGS	04114500	00060	1		1978	3	271.9	31
USGS	04114500	00060	1		1978	4	513.6	30
USGS	04114500	00060	1		1978	5	139.3	31
USGS	04114500	00060	1		1978	6	52.0	30
USGS	04114500	00060	1		1978	7	30.2	31
USGS	04114500	00060	1		1978	8	28.6	31
USGS	04114500	00060	1		1978	9	34.7	30
USGS	04114500	00060	1		1978	10	35.4	31
USGS	04114500	00060	1		1978	11	47.1	30
USGS	04114500	00060	1		1978	12	58.4	31
USGS	04114500	00060	1		1979	1	66.1	31
USGS	04114500	00060	1		1979	2	53.1	28
USGS	04114500	00060	1		1979	3	509.9	31
USGS	04114500	00060	1		1979	4	306.0	30
USGS	04114500	00060	1		1979	5	166.8	31
USGS	04114500	00060	1		1979	6	50.3	30
USGS	04114500	00060	1		1979	7	66.1	31
USGS	04114500	00060	1		1979	8	37.3	31
USGS	04114500	00060	1		1979	9	25.6	30
USGS	04114500	00060	1		1979	10	27.5	31
USGS	04114500	00060	1		1979	11	48.5	30
USGS	04114500	00060	1		1979	12	96.2	31
USGS	04114500	00060	1		1980	1	98.5	31
USGS	04114500	00060	1		1980	2	67.2	29
USGS	04114500	00060	1		1980	3	178.5	31
USGS	04114500	00060	1		1980	4	348.2	30
USGS	04114500	00060	1		1980	5	177.9	31
USGS	04114500	00060	1		1980	6	140.7	30
USGS	04114500	00060	1		1980	7	44.9	31
USGS	04114500	00060	1		1980	8	93.2	31
USGS	04114500	00060	1		1980	9	73.5	30
USGS	04114500	00060	1		1980	10	75.7	31
USGS	04114500	00060	1		1980	11	72.9	30
USGS	04114500	00060	1		1980	12	142.0	31
USGS	04114500	00060	1		1981	1	70.6	31
USGS	04114500	00060	1		1981	2	364.3	28
USGS	04114500	00060	1		1981	3	309.4	31
USGS	04114500	00060	1		1981	4	401.0	30
USGS	04114500	00060	1		1981	5	403.2	31
USGS	04114500	00060	1		1981	6	128.3	30
USGS	04114500	00060	1		1981	7	49.6	31
USGS	04114500	00060	1		1981	8	36.4	31
USGS	04114500	00060	1		1981	9	77.2	30
USGS	04114500	00060	1		1981	10	541.2	31
USGS	04114500	00060	1		1981	11	170.4	30
USGS	04114500	00060	1		1981	12	138.0	31
USGS	04114500	00060	1		1982	1	108.3	31
USGS	04114500	00060	1		1982	2	78.3	28
USGS	04114500	00060	1		1982	3	809.4	31
USGS	04114500	00060	1		1982	4	441.2	30
USGS	04114500	00060	1		1982	5	109.6	31
USGS	04114500	00060	1		1982	6	122.3	30
USGS	04114500	00060	1		1982	7	83.5	31
USGS	04114500	00060	1		1982	8	44.1	31
USGS	04114500	00060	1		1982	9	50.5	30
USGS	04114500	00060	1		1982	10	54.5	31
USGS	04114500	00060	1		1982	11	149.6	30
USGS	04114500	00060	1		1982	12	317.3	31
USGS	04114500	00060	1		1983	1	210.2	31
USGS	04114500	00060	1		1983	2	214.8	28
USGS	04114500	00060	1		1983	3	315.0	31
USGS	04114500	00060	1		1983	4	647.8	30
USGS	04114500	00060	1		1983	5	501.3	31
USGS	04114500	00060	1		1983	6	174.9	30
USGS	04114500	00060	1		1983	7	92.6	31
USGS	04114500	00060	1		1983	8	47.9	31
USGS	04114500	00060	1		1983	9	48.6	30
USGS	04114500	00060	1		1983	10	54.5	31
USGS	04114500	00060	1		1983	11	104.5	30
USGS	04114500	00060	1		1983	12	165.6	31
USGS	04114500	00060	1		1984	1	96.6	31
USGS	04114500	00060	1		1984	2	276.3	29
USGS	04114500	00060	1		1984	3	256.6	31
USGS	04114500	00060	1		1984	4	338.4	30
USGS	04114500	00060	1		1984	5	215.5	31
USGS	04114500	00060	1		1984	6	148.9	30
USGS	04114500	00060	1		1984	7	40.4	31
USGS	04114500	00060	1		1984	8	41.3	31
USGS	04114500	00060	1		1984	9	32.0	30
USGS	04114500	00060	1		1984	10	41.5	31
USGS	04114500	00060	1		1984	11	80.8	30
USGS	04114500	00060	1		1984	12	128.7	31
USGS	04114500	00060	1		1985	1	236.4	31
USGS	04114500	00060	1		1985	2	335.7	28
USGS	04114500	00060	1		1985	3	1058	31
USGS	04114500	00060	1		1985	4	840.2	30
USGS	04114500	00060	1		1985	5	143.8	31
USGS	04114500	00060	1		1985	6	93.7	30
USGS	04114500	00060	1		1985	7	50.4	31
USGS	04114500	00060	1		1985	8	74.7	31
USGS	04114500	00060	1		1985	9	91.9	30
USGS	04114500	00060	1		1985	10	117.6	31
USGS	04114500	00060	1		1985	11	237.6	30
USGS	04114500	00060	1		1985	12	214.5	31
USGS	04114500	00060	1		1986	1	155.0	31
USGS	04114500	00060	1		1986	2	265.7	28
USGS	04114500	00060	1		1986	3	717.8	31
USGS	04114500	00060	1		1986	4	281.8	30
USGS	04114500	00060	1		1986	5	150.9	31
USGS	04114500	00060	1		1986	6	518.1	30
USGS	04114500	00060	1		1986	7	124.7	31
USGS	04114500	00060	1		1986	8	51.4	31
USGS	04114500	00060	1		1986	9	152.5	30
USGS	04114500	00060	1		1986	10	614.5	31
USGS	04114500	00060	1		1986	11	167.0	30
USGS	04114500	00060	1		1986	12	221.1	31
USGS	04114500	00060	1		1987	1	148.5	31
USGS	04114500	00060	1		1987	2	125.4	28
USGS	04114500	00060	1		1987	3	243.9	31
USGS	04114500	00060	1		1987	4	218.1	30
USGS	04114500	00060	1		1987	5	104.4	31
USGS	04114500	00060	1		1987	6	62.7	30
USGS	04114500	00060	1		1987	7	45.4	31
USGS	04114500	00060	1		1987	8	59.6	31
USGS	04114500	00060	1		1987	9	79.5	30
USGS	04114500	00060	1		1987	10	69.4	31
USGS	04114500	00060	1		1987	11	121.2	30
USGS	04114500	00060	1		1987	12	366.8	31
USGS	04114500	00060	1		1988	1	215.3	31
USGS	04114500	00060	1		1988	2	231.2	29
USGS	04114500	00060	1		1988	3	311.7	31
USGS	04114500	00060	1		1988	4	444.1	30
USGS	04114500	00060	1		1988	5	126.7	31
USGS	04114500	00060	1		1988	6	43.9	30
USGS	04114500	00060	1		1988	7	32.1	31
USGS	04114500	00060	1		1988	8	42.3	31
USGS	04114500	00060	1		1988	9	85.5	30
USGS	04114500	00060	1		1988	10	104.0	31
USGS	04114500	00060	1		1988	11	361.8	30
USGS	04114500	00060	1		1988	12	178.8	31
USGS	04114500	00060	1		1989	1	175.6	31
USGS	04114500	00060	1		1989	2	123.6	28
USGS	04114500	00060	1		1989	3	223.6	31
USGS	04114500	00060	1		1989	4	316.7	30
USGS	04114500	00060	1		1989	5	150.6	31
USGS	04114500	00060	1		1989	6	429.8	30
USGS	04114500	00060	1		1989	7	182.6	31
USGS	04114500	00060	1		1989	8	90.2	31
USGS	04114500	00060	1		1989	9	346.3	30
USGS	04114500	00060	1		1989	10	108.8	31
USGS	04114500	00060	1		1989	11	241.3	30
USGS	04114500	00060	1		1989	12	158.6	31
USGS	04114500	00060	1		1990	1	365.5	31
USGS	04114500	00060	1		1990	2	317.7	28
USGS	04114500	00060	1		1990	3	580.2	31
USGS	04114500	00060	1		1990	4	344.3	30
USGS	04114500	00060	1		1990	5	246.3	31
USGS	04114500	00060	1		1990	6	110.0	30
USGS	04114500	00060	1		1990	7	70.5	31
USGS	04114500	00060	1		1990	8	52.3	31
USGS	04114500	00060	1		1990	9	58.5	30
USGS	04114500	00060	1		1990	10	187.7	31
USGS	04114500	00060	1		1990	11	413.9	30
USGS	04114500	00060	1		1990	12	441.1	31
USGS	04114500	00060	1		1991	1	261.3	31
USGS	04114500	00060	1		1991	2	289.6	28
USGS	04114500	00060	1		1991	3	456.3	31
USGS	04114500	00060	1		1991	4	538.1	30
USGS	04114500	00060	1		1991	5	286.2	31
USGS	04114500	00060	1		1991	6	131.6	30
USGS	04114500	00060	1		1991	7	63.0	31
USGS	04114500	00060	1		1991	8	62.3	31
USGS	04114500	00060	1		1991	9	38.3	30
USGS	04114500	00060	1		1991	10	60.7	31
USGS	04114500	00060	1		1991	11	104.5	30
USGS	04114500	00060	1		1991	12	224.8	31
USGS	04114500	00060	1		1992	1	183.4	31
USGS	04114500	00060	1		1992	2	201.7	29
USGS	04114500	00060	1		1992	3	329.0	31
USGS	04114500	00060	1		1992	4	475.4	30
USGS	04114500	00060	1		1992	5	322.4	31
USGS	04114500	00060	1		1992	6	104.9	30
USGS	04114500	00060	1		1992	7	155.9	31
USGS	04114500	00060	1		1992	8	129.5	31
USGS	04114500	00060	1		1992	9	135.5	30
USGS	04114500	00060	1		1992	10	151.3	31
USGS	04114500	00060	1		1992	11	406.4	30
USGS	04114500	00060	1		1992	12	298.6	31
USGS	04114500	00060	1		1993	1	504.9	31
USGS	04114500	00060	1		1993	2	188.6	28
USGS	04114500	00060	1		1993	3	398.9	31
USGS	04114500	00060	1		1993	4	872.4	30
USGS	04114500	00060	1		1993	5	358.2	31
USGS	04114500	00060	1		1993	6	273.2	30
USGS	04114500	00060	1		1993	7	135.2	31
USGS	04114500	00060	1		1993	8	101.9	31
USGS	04114500	00060	1		1993	9	168.1	30
USGS	04114500	00060	1		1993	10	307.2	31
USGS	04114500	00060	1		1993	11	198.3	30
USGS	04114500	00060	1		1993	12	191.1	31
USGS	04114500	00060	1		1994	1	106.4	31
USGS	04114500	00060	1		1994	2	440.5	28
USGS	04114500	00060	1		1994	3	573.0	31
USGS	04114500	00060	1		1994	4	342.8	30
USGS	04114500	00060	1		1994	5	330.5	31
USGS	04114500	00060	1		1994	6	138.2	30
USGS	04114500	00060	1		1994	7	405.0	31
USGS	04114500	00060	1		1994	8	205.8	31
USGS	04114500	00060	1		1994	9	90.4	30
USGS	04114500	00060	1		1994	10	152.3	31
USGS	04114500	00060	1		1994	11	408.5	30
USGS	04114500	00060	1		1994	12	327.2	31
USGS	04114500	00060	1		1995	1	286.0	31
USGS	04114500	00060	1		1995	2	192.1	28
USGS	04114500	00060	1		1995	3	493.9	31
USGS	04114500	00060	1		1995	4	302.3	30
USGS	04114500	00060	1		1995	5	261.1	31
USGS	04114500	00060	1		1995	6	106.0	30
USGS	04114500	00060	1		1995	7	74.7	31
USGS	04114500	00060	1		1995	8	79.5	31
USGS	04114500	00060	1		1995	9	48.6	30
USGS	04114500	00060	1		1995	10	51.3	31
USGS	04114500	00060	1		1995	11	135.9	30
USGS	04114500	00060	1		1995	12	108.3	31
USGS	04114500	00060	1		1996	1	127.3	31
USGS	04114500	00060	1		1996	2	126.4	29
USGS	04114500	00060	1		1996	3	186.5	31
USGS	04114500	00060	1		1996	4	287.7	30
USGS	04114500	00060	1		1996	5	383.5	31
USGS	04114500	00060	1		1996	6	464.7	30
USGS	04114500	00060	1		1996	7	140.2	31
USGS	04114500	00060	1		1996	8	66.6	31
USGS	04114500	00060	1		1996	9	51.5	30
