#
#
# US Geological Survey, Water Resources Data
# retrieved: 2014-11-20 16:24:59 EST	(natwebcaas01)
#
# This file contains USGS Monthly Statistics
#
# Note:The statistics generated are based on approved daily-mean data and may not match those published by the USGS in official publications.
# The user is responsible for assessment and use of statistics from this site.
# For more details on why the statistics may not match, visit http://help.waterdata.usgs.gov/faq/about-statistics.
#
# Data heading explanations.
# agency_cd       -- agency code
# site_no         -- Site identification number
# parameter_cd    -- Parameter code
# station_nm      -- Site name
# loc_web_ds      -- Additional measurement description
#
# Data for the following 1 site(s) are contained in this file
# agency_cd   site_no      parameter_cd   station_nm (loc_web_ds)
# USGS        04118500     00060          ROGUE RIVER NEAR ROCKFORD, MI
#
# Explanation of Parameter Codes
# parameter_cd	Parameter Name
# 00060         Discharge, cubic feet per second
#
# Data heading explanations.
# year_nu     ... Calendar year for value.
# month_nu    ... Month for value.
# mean_va     ... Mean of daily mean values for this month.
# count_nu    ... Number of values used in the calculation.
#
agency_cd	site_no	parameter_cd	dd_nu	loc_web_ds	year_nu	month_nu	mean_va	count_nu
# 5s	15s	5s	3n	15s	4s	2s	12n	8n
USGS	04118500	00060	1		1952	2	311.7	29
USGS	04118500	00060	1		1952	3	433.2	31
USGS	04118500	00060	1		1952	4	410.6	30
USGS	04118500	00060	1		1952	5	278.9	31
USGS	04118500	00060	1		1952	6	144.5	30
USGS	04118500	00060	1		1952	7	233.0	31
USGS	04118500	00060	1		1952	8	219.2	31
USGS	04118500	00060	1		1952	9	146.9	30
USGS	04118500	00060	1		1952	10	120.3	31
USGS	04118500	00060	1		1952	11	193.3	30
USGS	04118500	00060	1		1952	12	228.6	31
USGS	04118500	00060	1		1953	1	195.2	31
USGS	04118500	00060	1		1953	2	309.7	28
USGS	04118500	00060	1		1953	3	350.1	31
USGS	04118500	00060	1		1953	4	248.3	30
USGS	04118500	00060	1		1953	5	291.9	31
USGS	04118500	00060	1		1953	6	176.4	30
USGS	04118500	00060	1		1953	7	135.5	31
USGS	04118500	00060	1		1953	8	143.8	31
USGS	04118500	00060	1		1953	9	95.7	30
USGS	04118500	00060	1		1953	10	115.9	31
USGS	04118500	00060	1		1953	11	124.0	30
USGS	04118500	00060	1		1953	12	143.1	31
USGS	04118500	00060	1		1954	1	125.0	31
USGS	04118500	00060	1		1954	2	274.4	28
USGS	04118500	00060	1		1954	3	303.9	31
USGS	04118500	00060	1		1954	4	419.4	30
USGS	04118500	00060	1		1954	5	226.8	31
USGS	04118500	00060	1		1954	6	220.2	30
USGS	04118500	00060	1		1954	7	136.9	31
USGS	04118500	00060	1		1954	8	102.7	31
USGS	04118500	00060	1		1954	9	97.3	30
USGS	04118500	00060	1		1954	10	353.8	31
USGS	04118500	00060	1		1954	11	183.7	30
USGS	04118500	00060	1		1954	12	187.3	31
USGS	04118500	00060	1		1955	1	216.5	31
USGS	04118500	00060	1		1955	2	190.4	28
USGS	04118500	00060	1		1955	3	435.9	31
USGS	04118500	00060	1		1955	4	293.8	30
USGS	04118500	00060	1		1955	5	310.0	31
USGS	04118500	00060	1		1955	6	262.0	30
USGS	04118500	00060	1		1955	7	111.9	31
USGS	04118500	00060	1		1955	8	100.0	31
USGS	04118500	00060	1		1955	9	109.8	30
USGS	04118500	00060	1		1955	10	129.9	31
USGS	04118500	00060	1		1955	11	169.4	30
USGS	04118500	00060	1		1955	12	174.1	31
USGS	04118500	00060	1		1956	1	116.4	31
USGS	04118500	00060	1		1956	2	119.8	29
USGS	04118500	00060	1		1956	3	338.8	31
USGS	04118500	00060	1		1956	4	400.1	30
USGS	04118500	00060	1		1956	5	619.7	31
USGS	04118500	00060	1		1956	6	213.1	30
USGS	04118500	00060	1		1956	7	154.7	31
USGS	04118500	00060	1		1956	8	123.9	31
USGS	04118500	00060	1		1956	9	105.3	30
USGS	04118500	00060	1		1956	10	109.1	31
USGS	04118500	00060	1		1956	11	127.9	30
USGS	04118500	00060	1		1956	12	154.5	31
USGS	04118500	00060	1		1957	1	153.0	31
USGS	04118500	00060	1		1957	2	275.8	28
USGS	04118500	00060	1		1957	3	280.4	31
USGS	04118500	00060	1		1957	4	277.0	30
USGS	04118500	00060	1		1957	5	262.3	31
USGS	04118500	00060	1		1957	6	213.1	30
USGS	04118500	00060	1		1957	7	191.8	31
USGS	04118500	00060	1		1957	8	101.2	31
USGS	04118500	00060	1		1957	9	120.0	30
USGS	04118500	00060	1		1957	10	147.2	31
USGS	04118500	00060	1		1957	11	296.7	30
USGS	04118500	00060	1		1957	12	227.7	31
USGS	04118500	00060	1		1958	1	181.5	31
USGS	04118500	00060	1		1958	2	174.7	28
USGS	04118500	00060	1		1958	3	290.8	31
USGS	04118500	00060	1		1958	4	174.5	30
USGS	04118500	00060	1		1958	5	121.8	31
USGS	04118500	00060	1		1958	6	113.3	30
USGS	04118500	00060	1		1958	7	104.9	31
USGS	04118500	00060	1		1958	8	116.6	31
USGS	04118500	00060	1		1958	9	104.2	30
USGS	04118500	00060	1		1958	10	161.9	31
USGS	04118500	00060	1		1958	11	197.2	30
USGS	04118500	00060	1		1958	12	145.0	31
USGS	04118500	00060	1		1959	1	120.4	31
USGS	04118500	00060	1		1959	2	135.6	28
USGS	04118500	00060	1		1959	3	483.9	31
USGS	04118500	00060	1		1959	4	546.8	30
USGS	04118500	00060	1		1959	5	243.1	31
USGS	04118500	00060	1		1959	6	123.5	30
USGS	04118500	00060	1		1959	7	105.6	31
USGS	04118500	00060	1		1959	8	149.0	31
USGS	04118500	00060	1		1959	9	102.7	30
USGS	04118500	00060	1		1959	10	214.7	31
USGS	04118500	00060	1		1959	11	317.6	30
USGS	04118500	00060	1		1959	12	307.5	31
USGS	04118500	00060	1		1960	1	364.0	31
USGS	04118500	00060	1		1960	2	271.8	29
USGS	04118500	00060	1		1960	3	332.8	31
USGS	04118500	00060	1		1960	4	535.6	30
USGS	04118500	00060	1		1960	5	394.5	31
USGS	04118500	00060	1		1960	6	244.9	30
USGS	04118500	00060	1		1960	7	170.7	31
USGS	04118500	00060	1		1960	8	177.4	31
USGS	04118500	00060	1		1960	9	120.9	30
USGS	04118500	00060	1		1960	10	127.3	31
USGS	04118500	00060	1		1960	11	228.1	30
USGS	04118500	00060	1		1960	12	167.9	31
USGS	04118500	00060	1		1961	1	141.4	31
USGS	04118500	00060	1		1961	2	202.2	28
USGS	04118500	00060	1		1961	3	324.2	31
USGS	04118500	00060	1		1961	4	323.3	30
USGS	04118500	00060	1		1961	5	194.6	31
USGS	04118500	00060	1		1961	6	180.6	30
USGS	04118500	00060	1		1961	7	118.0	31
USGS	04118500	00060	1		1961	8	132.4	31
USGS	04118500	00060	1		1961	9	231.8	30
USGS	04118500	00060	1		1961	10	207.7	31
USGS	04118500	00060	1		1961	11	264.4	30
USGS	04118500	00060	1		1961	12	212.5	31
USGS	04118500	00060	1		1962	1	184.2	31
USGS	04118500	00060	1		1962	2	175.6	28
USGS	04118500	00060	1		1962	3	493.9	31
USGS	04118500	00060	1		1962	4	266.7	30
USGS	04118500	00060	1		1962	5	301.6	31
USGS	04118500	00060	1		1962	6	140.7	30
USGS	04118500	00060	1		1962	7	107.7	31
USGS	04118500	00060	1		1962	8	92.9	31
USGS	04118500	00060	1		1962	9	105.2	30
USGS	04118500	00060	1		1962	10	133.4	31
USGS	04118500	00060	1		1962	11	132.5	30
USGS	04118500	00060	1		1962	12	125.7	31
USGS	04118500	00060	1		1963	1	122.2	31
USGS	04118500	00060	1		1963	2	106.9	28
USGS	04118500	00060	1		1963	3	316.2	31
USGS	04118500	00060	1		1963	4	210.3	30
USGS	04118500	00060	1		1963	5	314.3	31
USGS	04118500	00060	1		1963	6	151.7	30
USGS	04118500	00060	1		1963	7	93.4	31
USGS	04118500	00060	1		1963	8	88.8	31
USGS	04118500	00060	1		1963	9	97.8	30
USGS	04118500	00060	1		1963	10	111.4	31
USGS	04118500	00060	1		1963	11	168.3	30
USGS	04118500	00060	1		1963	12	142.1	31
USGS	04118500	00060	1		1964	1	151.0	31
USGS	04118500	00060	1		1964	2	146.0	29
USGS	04118500	00060	1		1964	3	222.5	31
USGS	04118500	00060	1		1964	4	283.4	30
USGS	04118500	00060	1		1964	5	244.6	31
USGS	04118500	00060	1		1964	6	108.4	30
USGS	04118500	00060	1		1964	7	83.8	31
USGS	04118500	00060	1		1964	8	88.2	31
USGS	04118500	00060	1		1964	9	110.0	30
USGS	04118500	00060	1		1964	10	100.4	31
USGS	04118500	00060	1		1964	11	117.8	30
USGS	04118500	00060	1		1964	12	149.0	31
USGS	04118500	00060	1		1965	1	150.7	31
USGS	04118500	00060	1		1965	2	278.8	28
USGS	04118500	00060	1		1965	3	412.5	31
USGS	04118500	00060	1		1965	4	670.4	30
USGS	04118500	00060	1		1965	5	199.2	31
USGS	04118500	00060	1		1965	6	119.6	30
USGS	04118500	00060	1		1965	7	89.0	31
USGS	04118500	00060	1		1965	8	107.2	31
USGS	04118500	00060	1		1965	9	235.0	30
USGS	04118500	00060	1		1965	10	190.1	31
USGS	04118500	00060	1		1965	11	172.1	30
USGS	04118500	00060	1		1965	12	346.8	31
USGS	04118500	00060	1		1966	1	249.0	31
USGS	04118500	00060	1		1966	2	337.7	28
USGS	04118500	00060	1		1966	3	374.6	31
USGS	04118500	00060	1		1966	4	315.3	30
USGS	04118500	00060	1		1966	5	248.5	31
USGS	04118500	00060	1		1966	6	142.4	30
USGS	04118500	00060	1		1966	7	118.1	31
USGS	04118500	00060	1		1966	8	102.7	31
USGS	04118500	00060	1		1966	9	93.7	30
USGS	04118500	00060	1		1966	10	114.0	31
USGS	04118500	00060	1		1966	11	224.3	30
USGS	04118500	00060	1		1966	12	402.6	31
USGS	04118500	00060	1		1967	1	248.3	31
USGS	04118500	00060	1		1967	2	230.4	28
USGS	04118500	00060	1		1967	3	384.1	31
USGS	04118500	00060	1		1967	4	836.2	30
USGS	04118500	00060	1		1967	5	294.2	31
USGS	04118500	00060	1		1967	6	313.4	30
USGS	04118500	00060	1		1967	7	175.0	31
USGS	04118500	00060	1		1967	8	162.8	31
USGS	04118500	00060	1		1967	9	129.6	30
USGS	04118500	00060	1		1967	10	174.9	31
USGS	04118500	00060	1		1967	11	311.8	30
USGS	04118500	00060	1		1967	12	287.0	31
USGS	04118500	00060	1		1968	1	190.3	31
USGS	04118500	00060	1		1968	2	328.0	29
USGS	04118500	00060	1		1968	3	224.9	31
USGS	04118500	00060	1		1968	4	249.9	30
USGS	04118500	00060	1		1968	5	206.6	31
USGS	04118500	00060	1		1968	6	193.9	30
USGS	04118500	00060	1		1968	7	146.1	31
USGS	04118500	00060	1		1968	8	100.8	31
USGS	04118500	00060	1		1968	9	115.8	30
USGS	04118500	00060	1		1968	10	133.3	31
USGS	04118500	00060	1		1968	11	160.2	30
USGS	04118500	00060	1		1968	12	202.4	31
USGS	04118500	00060	1		1969	1	235.7	31
USGS	04118500	00060	1		1969	2	218.2	28
USGS	04118500	00060	1		1969	3	250.4	31
USGS	04118500	00060	1		1969	4	374.7	30
USGS	04118500	00060	1		1969	5	294.9	31
USGS	04118500	00060	1		1969	6	196.1	30
USGS	04118500	00060	1		1969	7	226.4	31
USGS	04118500	00060	1		1969	8	107.6	31
USGS	04118500	00060	1		1969	9	97.6	30
USGS	04118500	00060	1		1969	10	156.0	31
USGS	04118500	00060	1		1969	11	190.7	30
USGS	04118500	00060	1		1969	12	138.5	31
USGS	04118500	00060	1		1970	1	116.1	31
USGS	04118500	00060	1		1970	2	124.6	28
USGS	04118500	00060	1		1970	3	299.4	31
USGS	04118500	00060	1		1970	4	348.5	30
USGS	04118500	00060	1		1970	5	216.8	31
USGS	04118500	00060	1		1970	6	232.9	30
USGS	04118500	00060	1		1970	7	138.7	31
USGS	04118500	00060	1		1970	8	120.6	31
USGS	04118500	00060	1		1970	9	248.0	30
USGS	04118500	00060	1		1970	10	217.9	31
USGS	04118500	00060	1		1970	11	273.6	30
USGS	04118500	00060	1		1970	12	251.6	31
USGS	04118500	00060	1		1971	1	178.0	31
USGS	04118500	00060	1		1971	2	285.2	28
USGS	04118500	00060	1		1971	3	500.5	31
USGS	04118500	00060	1		1971	4	365.9	30
USGS	04118500	00060	1		1971	5	169.2	31
USGS	04118500	00060	1		1971	6	127.1	30
USGS	04118500	00060	1		1971	7	87.7	31
USGS	04118500	00060	1		1971	8	83.2	31
USGS	04118500	00060	1		1971	9	116.8	30
USGS	04118500	00060	1		1971	10	116.0	31
USGS	04118500	00060	1		1971	11	126.3	30
USGS	04118500	00060	1		1971	12	305.0	31
USGS	04118500	00060	1		1972	1	225.6	31
USGS	04118500	00060	1		1972	2	164.0	29
USGS	04118500	00060	1		1972	3	389.7	31
USGS	04118500	00060	1		1972	4	347.0	30
USGS	04118500	00060	1		1972	5	221.8	31
USGS	04118500	00060	1		1972	6	145.6	30
USGS	04118500	00060	1		1972	7	139.4	31
USGS	04118500	00060	1		1972	8	259.9	31
USGS	04118500	00060	1		1972	9	264.0	30
USGS	04118500	00060	1		1972	10	286.3	31
USGS	04118500	00060	1		1972	11	310.1	30
USGS	04118500	00060	1		1972	12	253.5	31
USGS	04118500	00060	1		1973	1	511.6	31
USGS	04118500	00060	1		1973	2	223.2	28
USGS	04118500	00060	1		1973	3	489.7	31
USGS	04118500	00060	1		1973	4	387.1	30
USGS	04118500	00060	1		1973	5	461.8	31
USGS	04118500	00060	1		1973	6	294.4	30
USGS	04118500	00060	1		1973	7	223.6	31
USGS	04118500	00060	1		1973	8	184.3	31
USGS	04118500	00060	1		1973	9	133.6	30
USGS	04118500	00060	1		1973	10	155.6	31
USGS	04118500	00060	1		1973	11	221.6	30
USGS	04118500	00060	1		1973	12	254.8	31
USGS	04118500	00060	1		1974	1	441.6	31
USGS	04118500	00060	1		1974	2	352.4	28
USGS	04118500	00060	1		1974	3	550.1	31
USGS	04118500	00060	1		1974	4	555.2	30
USGS	04118500	00060	1		1974	5	515.5	31
USGS	04118500	00060	1		1974	6	273.8	30
USGS	04118500	00060	1		1974	7	151.5	31
USGS	04118500	00060	1		1974	8	155.7	31
USGS	04118500	00060	1		1974	9	141.8	30
USGS	04118500	00060	1		1974	10	187.5	31
USGS	04118500	00060	1		1974	11	218.7	30
USGS	04118500	00060	1		1974	12	190.7	31
USGS	04118500	00060	1		1975	1	374.0	31
USGS	04118500	00060	1		1975	2	304.2	28
USGS	04118500	00060	1		1975	3	414.6	31
USGS	04118500	00060	1		1975	4	373.5	30
USGS	04118500	00060	1		1975	5	247.9	31
USGS	04118500	00060	1		1975	6	261.2	30
USGS	04118500	00060	1		1975	7	143.1	31
USGS	04118500	00060	1		1975	8	255.2	31
USGS	04118500	00060	1		1975	9	556.2	30
USGS	04118500	00060	1		1975	10	203.7	31
USGS	04118500	00060	1		1975	11	264.5	30
USGS	04118500	00060	1		1975	12	450.5	31
USGS	04118500	00060	1		1976	1	278.8	31
USGS	04118500	00060	1		1976	2	566.8	29
USGS	04118500	00060	1		1976	3	944.3	31
USGS	04118500	00060	1		1976	4	472.4	30
USGS	04118500	00060	1		1976	5	459.4	31
USGS	04118500	00060	1		1976	6	252.8	30
USGS	04118500	00060	1		1976	7	173.8	31
USGS	04118500	00060	1		1976	8	135.4	31
USGS	04118500	00060	1		1976	9	116.9	30
USGS	04118500	00060	1		1976	10	136.6	31
USGS	04118500	00060	1		1976	11	147.9	30
USGS	04118500	00060	1		1976	12	134.8	31
USGS	04118500	00060	1		1977	1	131.8	31
USGS	04118500	00060	1		1977	2	146.7	28
USGS	04118500	00060	1		1977	3	383.4	31
USGS	04118500	00060	1		1977	4	265.7	30
USGS	04118500	00060	1		1977	5	134.2	31
USGS	04118500	00060	1		1977	6	109.1	30
USGS	04118500	00060	1		1977	7	95.6	31
USGS	04118500	00060	1		1977	8	92.7	31
USGS	04118500	00060	1		1977	9	135.8	30
USGS	04118500	00060	1		1977	10	180.5	31
USGS	04118500	00060	1		1977	11	196.8	30
USGS	04118500	00060	1		1977	12	303.4	31
USGS	04118500	00060	1		1978	1	176.9	31
USGS	04118500	00060	1		1978	2	162.0	28
USGS	04118500	00060	1		1978	3	307.0	31
USGS	04118500	00060	1		1978	4	534.1	30
USGS	04118500	00060	1		1978	5	228.9	31
USGS	04118500	00060	1		1978	6	166.0	30
USGS	04118500	00060	1		1978	7	128.0	31
USGS	04118500	00060	1		1978	8	149.1	31
USGS	04118500	00060	1		1978	9	203.7	30
USGS	04118500	00060	1		1978	10	178.9	31
USGS	04118500	00060	1		1978	11	178.1	30
USGS	04118500	00060	1		1978	12	189.3	31
USGS	04118500	00060	1		1979	1	185.9	31
USGS	04118500	00060	1		1979	2	171.4	28
USGS	04118500	00060	1		1979	3	709.1	31
USGS	04118500	00060	1		1979	4	454.2	30
USGS	04118500	00060	1		1979	5	356.6	31
USGS	04118500	00060	1		1979	6	236.0	30
USGS	04118500	00060	1		1979	7	155.5	31
USGS	04118500	00060	1		1979	8	143.2	31
USGS	04118500	00060	1		1979	9	98.6	30
USGS	04118500	00060	1		1979	10	140.1	31
USGS	04118500	00060	1		1979	11	198.0	30
USGS	04118500	00060	1		1979	12	264.3	31
USGS	04118500	00060	1		1980	1	275.5	31
USGS	04118500	00060	1		1980	2	178.2	29
USGS	04118500	00060	1		1980	3	291.3	31
USGS	04118500	00060	1		1980	4	369.0	30
USGS	04118500	00060	1		1980	5	212.5	31
USGS	04118500	00060	1		1980	6	197.9	30
USGS	04118500	00060	1		1980	7	128.1	31
USGS	04118500	00060	1		1980	8	231.6	31
USGS	04118500	00060	1		1980	9	255.4	30
USGS	04118500	00060	1		1980	10	202.9	31
USGS	04118500	00060	1		1980	11	199.4	30
USGS	04118500	00060	1		1980	12	262.3	31
USGS	04118500	00060	1		1981	1	164.2	31
USGS	04118500	00060	1		1981	2	380.4	28
USGS	04118500	00060	1		1981	3	260.8	31
USGS	04118500	00060	1		1981	4	345.6	30
USGS	04118500	00060	1		1981	5	317.9	31
USGS	04118500	00060	1		1981	6	238.7	30
USGS	04118500	00060	1		1981	7	135.7	31
USGS	04118500	00060	1		1981	8	115.6	31
USGS	04118500	00060	1		1981	9	143.2	30
USGS	04118500	00060	1		1981	10	528.3	31
USGS	04118500	00060	1		1981	11	268.3	30
USGS	04118500	00060	1		1981	12	260.1	31
USGS	04118500	00060	1		1982	1	205.4	31
USGS	04118500	00060	1		1982	2	184.6	28
USGS	04118500	00060	1		1982	3	513.5	31
USGS	04118500	00060	1		1982	4	459.3	30
USGS	04118500	00060	1		1982	5	215.3	31
USGS	04118500	00060	1		1982	6	181.5	30
USGS	04118500	00060	1		1982	7	247.5	31
USGS	04118500	00060	1		1982	8	159.3	31
USGS	04118500	00060	1		1982	9	153.1	30
USGS	04118500	00060	1		1987	10	229.1	31
USGS	04118500	00060	1		1987	11	254.1	30
USGS	04118500	00060	1		1987	12	453.6	31
USGS	04118500	00060	1		1988	1	302.6	31
USGS	04118500	00060	1		1988	2	423.3	29
USGS	04118500	00060	1		1988	3	365.2	31
USGS	04118500	00060	1		1988	4	526.3	30
USGS	04118500	00060	1		1988	5	223.1	31
USGS	04118500	00060	1		1988	6	115.9	30
USGS	04118500	00060	1		1988	7	98.9	31
USGS	04118500	00060	1		1988	8	120.1	31
USGS	04118500	00060	1		1988	9	186.2	30
USGS	04118500	00060	1		1988	10	214.2	31
USGS	04118500	00060	1		1988	11	484.6	30
USGS	04118500	00060	1		1988	12	312.5	31
USGS	04118500	00060	1		1989	1	300.9	31
USGS	04118500	00060	1		1989	2	244.5	28
USGS	04118500	00060	1		1989	3	497.9	31
USGS	04118500	00060	1		1989	4	307.9	30
USGS	04118500	00060	1		1989	5	230.4	31
USGS	04118500	00060	1		1989	6	457.3	30
USGS	04118500	00060	1		1989	7	151.5	31
USGS	04118500	00060	1		1989	8	306.4	31
USGS	04118500	00060	1		1989	9	167.1	30
USGS	04118500	00060	1		1989	10	152.1	31
USGS	04118500	00060	1		1989	11	232.9	30
USGS	04118500	00060	1		1989	12	165.7	31
USGS	04118500	00060	1		1990	1	296.0	31
USGS	04118500	00060	1		1990	2	246.7	28
USGS	04118500	00060	1		1990	3	458.5	31
USGS	04118500	00060	1		1990	4	302.2	30
USGS	04118500	00060	1		1990	5	476.6	31
USGS	04118500	00060	1		1990	6	205.4	30
USGS	04118500	00060	1		1990	7	221.0	31
USGS	04118500	00060	1		1990	8	170.8	31
USGS	04118500	00060	1		1990	9	181.3	30
USGS	04118500	00060	1		1990	10	328.4	31
USGS	04118500	00060	1		1990	11	524.7	30
USGS	04118500	00060	1		1990	12	405.3	31
USGS	04118500	00060	1		1991	1	301.7	31
USGS	04118500	00060	1		1991	2	315.9	28
USGS	04118500	00060	1		1991	3	523.4	31
USGS	04118500	00060	1		1991	4	614.9	30
USGS	04118500	00060	1		1991	5	387.9	31
USGS	04118500	00060	1		1991	6	319.0	30
USGS	04118500	00060	1		1991	7	233.1	31
USGS	04118500	00060	1		1991	8	208.0	31
USGS	04118500	00060	1		1991	9	160.1	30
USGS	04118500	00060	1		1991	10	351.1	31
USGS	04118500	00060	1		1991	11	508.1	30
USGS	04118500	00060	1		1991	12	557.2	31
USGS	04118500	00060	1		1992	1	344.5	31
USGS	04118500	00060	1		1992	2	304.8	29
USGS	04118500	00060	1		1992	3	458.5	31
USGS	04118500	00060	1		1992	4	516.4	30
USGS	04118500	00060	1		1992	5	273.1	31
USGS	04118500	00060	1		1992	6	176.7	30
USGS	04118500	00060	1		1992	7	193.7	31
USGS	04118500	00060	1		1992	8	137.5	31
USGS	04118500	00060	1		1992	9	177.4	30
USGS	04118500	00060	1		1992	10	180.4	31
USGS	04118500	00060	1		1992	11	363.1	30
USGS	04118500	00060	1		1992	12	288.0	31
USGS	04118500	00060	1		1993	1	403.8	31
USGS	04118500	00060	1		1993	2	216.3	28
USGS	04118500	00060	1		1993	3	354.9	31
USGS	04118500	00060	1		1993	4	468.8	30
USGS	04118500	00060	1		1993	5	310.7	31
USGS	04118500	00060	1		1993	6	339.9	30
USGS	04118500	00060	1		1993	7	209.4	31
USGS	04118500	00060	1		1993	8	203.0	31
USGS	04118500	00060	1		1993	9	294.0	30
USGS	04118500	00060	1		1993	10	240.5	31
USGS	04118500	00060	1		1993	11	221.0	30
USGS	04118500	00060	1		1993	12	222.0	31
USGS	04118500	00060	1		1994	1	164.2	31
USGS	04118500	00060	1		1994	2	337.3	28
USGS	04118500	00060	1		1994	3	442.5	31
USGS	04118500	00060	1		1994	4	298.1	30
USGS	04118500	00060	1		1994	5	244.5	31
USGS	04118500	00060	1		1994	6	337.2	30
USGS	04118500	00060	1		1994	7	361.7	31
USGS	04118500	00060	1		1994	8	317.2	31
USGS	04118500	00060	1		1994	9	188.5	30
USGS	04118500	00060	1		1994	10	215.2	31
USGS	04118500	00060	1		1994	11	431.2	30
USGS	04118500	00060	1		1994	12	297.3	31
USGS	04118500	00060	1		1995	1	367.3	31
USGS	04118500	00060	1		1995	2	220.9	28
USGS	04118500	00060	1		1995	3	341.6	31
USGS	04118500	00060	1		1995	4	342.3	30
USGS	04118500	00060	1		1995	5	286.8	31
USGS	04118500	00060	1		1995	6	168.1	30
USGS	04118500	00060	1		1995	7	161.6	31
USGS	04118500	00060	1		1995	8	178.6	31
USGS	04118500	00060	1		1995	9	123.4	30
USGS	04118500	00060	1		1995	10	158.7	31
USGS	04118500	00060	1		1995	11	319.7	30
USGS	04118500	00060	1		1995	12	221.2	31
USGS	04118500	00060	1		1996	1	238.9	31
USGS	04118500	00060	1		1996	2	254.1	29
USGS	04118500	00060	1		1996	3	282.6	31
USGS	04118500	00060	1		1996	4	302.6	30
USGS	04118500	00060	1		1996	5	397.5	31
USGS	04118500	00060	1		1996	6	436.7	30
USGS	04118500	00060	1		1996	7	168.8	31
USGS	04118500	00060	1		1996	8	146.7	31
USGS	04118500	00060	1		1996	9	133.0	30
USGS	04118500	00060	1		1996	10	172.2	31
USGS	04118500	00060	1		1996	11	182.5	30
USGS	04118500	00060	1		1996	12	238.3	31
USGS	04118500	00060	1		1997	1	268.2	31
USGS	04118500	00060	1		1997	2	412.4	28
USGS	04118500	00060	1		1997	3	413.0	31
USGS	04118500	00060	1		1997	4	281.4	30
USGS	04118500	00060	1		1997	5	259.4	31
USGS	04118500	00060	1		1997	6	202.8	30
USGS	04118500	00060	1		1997	7	142.3	31
USGS	04118500	00060	1		1997	8	128.5	31
USGS	04118500	00060	1		1997	9	139.2	30
USGS	04118500	00060	1		1997	10	123.5	31
USGS	04118500	00060	1		1997	11	155.3	30
USGS	04118500	00060	1		1997	12	143.5	31
USGS	04118500	00060	1		1998	1	249.7	31
USGS	04118500	00060	1		1998	2	309.1	28
USGS	04118500	00060	1		1998	3	412.6	31
USGS	04118500	00060	1		1998	4	354.9	30
USGS	04118500	00060	1		1998	5	274.0	31
USGS	04118500	00060	1		1998	6	147.5	30
USGS	04118500	00060	1		1998	7	99.2	31
USGS	04118500	00060	1		1998	8	120.9	31
USGS	04118500	00060	1		1998	9	114.6	30
USGS	04118500	00060	1		1998	10	155.2	31
USGS	04118500	00060	1		1998	11	173.8	30
USGS	04118500	00060	1		1998	12	183.2	31
USGS	04118500	00060	1		1999	1	245.8	31
USGS	04118500	00060	1		1999	2	294.8	28
USGS	04118500	00060	1		1999	3	227.3	31
USGS	04118500	00060	1		1999	4	374.7	30
USGS	04118500	00060	1		1999	5	298.0	31
USGS	04118500	00060	1		1999	6	342.2	30
USGS	04118500	00060	1		1999	7	200.6	31
USGS	04118500	00060	1		1999	8	154.9	31
USGS	04118500	00060	1		1999	9	126.4	30
USGS	04118500	00060	1		1999	10	143.1	31
USGS	04118500	00060	1		1999	11	144.6	30
USGS	04118500	00060	1		1999	12	185.2	31
USGS	04118500	00060	1		2000	1	170.6	31
USGS	04118500	00060	1		2000	2	218.7	29
USGS	04118500	00060	1		2000	3	222.4	31
USGS	04118500	00060	1		2000	4	321.5	30
USGS	04118500	00060	1		2000	5	508.6	31
USGS	04118500	00060	1		2000	6	263.9	30
USGS	04118500	00060	1		2000	7	163.1	31
USGS	04118500	00060	1		2000	8	159.1	31
USGS	04118500	00060	1		2000	9	183.2	30
USGS	04118500	00060	1		2000	10	144.4	31
USGS	04118500	00060	1		2000	11	240.8	30
USGS	04118500	00060	1		2000	12	203.7	31
USGS	04118500	00060	1		2001	1	211.2	31
USGS	04118500	00060	1		2001	2	439.4	28
USGS	04118500	00060	1		2001	3	307.9	31
USGS	04118500	00060	1		2001	4	252.8	30
USGS	04118500	00060	1		2001	5	387.1	31
USGS	04118500	00060	1		2001	6	246.1	30
USGS	04118500	00060	1		2001	7	128.5	31
USGS	04118500	00060	1		2001	8	188.6	31
USGS	04118500	00060	1		2001	9	183.3	30
USGS	04118500	00060	1		2001	10	347.9	31
USGS	04118500	00060	1		2001	11	279.0	30
USGS	04118500	00060	1		2001	12	298.4	31
USGS	04118500	00060	1		2002	1	253.1	31
USGS	04118500	00060	1		2002	2	295.9	28
USGS	04118500	00060	1		2002	3	438.0	31
USGS	04118500	00060	1		2002	4	350.0	30
USGS	04118500	00060	1		2002	5	355.8	31
USGS	04118500	00060	1		2002	6	223.8	30
USGS	04118500	00060	1		2002	7	128.5	31
USGS	04118500	00060	1		2002	8	190.8	31
USGS	04118500	00060	1		2002	9	126.9	30
USGS	04118500	00060	1		2002	10	144.5	31
USGS	04118500	00060	1		2002	11	183.8	30
USGS	04118500	00060	1		2002	12	179.6	31
USGS	04118500	00060	1		2003	1	138.5	31
USGS	04118500	00060	1		2003	2	134.6	28
USGS	04118500	00060	1		2003	3	255.5	31
USGS	04118500	00060	1		2003	4	228.9	30
USGS	04118500	00060	1		2003	5	336.8	31
USGS	04118500	00060	1		2003	6	151.7	30
USGS	04118500	00060	1		2003	7	122.9	31
USGS	04118500	00060	1		2003	8	94.6	31
USGS	04118500	00060	1		2003	9	80.9	30
USGS	04118500	00060	1		2003	10	106.4	31
USGS	04118500	00060	1		2003	11	272.4	30
USGS	04118500	00060	1		2003	12	201.5	31
USGS	04118500	00060	1		2004	1	152.7	31
USGS	04118500	00060	1		2004	2	155.3	29
USGS	04118500	00060	1		2004	3	545.9	31
USGS	04118500	00060	1		2004	4	237.2	30
USGS	04118500	00060	1		2004	5	635.7	31
USGS	04118500	00060	1		2004	6	395.0	30
USGS	04118500	00060	1		2004	7	225.8	31
USGS	04118500	00060	1		2004	8	138.8	31
USGS	04118500	00060	1		2004	9	122.4	30
USGS	04118500	00060	1		2004	10	149.5	31
USGS	04118500	00060	1		2004	11	214.2	30
USGS	04118500	00060	1		2004	12	313.7	31
USGS	04118500	00060	1		2005	1	366.5	31
USGS	04118500	00060	1		2005	2	326.9	28
USGS	04118500	00060	1		2005	3	353.6	31
USGS	04118500	00060	1		2005	4	382.7	30
USGS	04118500	00060	1		2005	5	207.0	31
USGS	04118500	00060	1		2005	6	126.0	30
USGS	04118500	00060	1		2005	7	118.3	31
USGS	04118500	00060	1		2005	8	102.0	31
USGS	04118500	00060	1		2005	9	106.3	30
USGS	04118500	00060	1		2005	10	110.2	31
USGS	04118500	00060	1		2005	11	285.4	30
USGS	04118500	00060	1		2005	12	246.9	31
USGS	04118500	00060	1		2006	1	377.4	31
USGS	04118500	00060	1		2006	2	336.4	28
USGS	04118500	00060	1		2006	3	561.3	31
USGS	04118500	00060	1		2006	4	387.7	30
USGS	04118500	00060	1		2006	5	330.0	31
USGS	04118500	00060	1		2006	6	212.0	30
USGS	04118500	00060	1		2006	7	349.7	31
USGS	04118500	00060	1		2006	8	146.8	31
USGS	04118500	00060	1		2006	9	172.9	30
USGS	04118500	00060	1		2006	10	312.2	31
USGS	04118500	00060	1		2006	11	259.8	30
USGS	04118500	00060	1		2006	12	482.9	31
USGS	04118500	00060	1		2007	1	308.0	31
USGS	04118500	00060	1		2007	2	211.4	28
USGS	04118500	00060	1		2007	3	606.8	31
USGS	04118500	00060	1		2007	4	492.0	30
USGS	04118500	00060	1		2007	5	279.4	31
USGS	04118500	00060	1		2007	6	152.9	30
USGS	04118500	00060	1		2007	7	113.2	31
USGS	04118500	00060	1		2007	8	155.9	31
USGS	04118500	00060	1		2007	9	123.9	30
USGS	04118500	00060	1		2007	10	151.8	31
USGS	04118500	00060	1		2007	11	141.3	30
USGS	04118500	00060	1		2007	12	178.8	31
USGS	04118500	00060	1		2008	1	260.6	31
USGS	04118500	00060	1		2008	2	307.7	29
USGS	04118500	00060	1		2008	3	376.5	31
USGS	04118500	00060	1		2008	4	476.7	30
USGS	04118500	00060	1		2008	5	253.8	31
USGS	04118500	00060	1		2008	6	300.8	30
USGS	04118500	00060	1		2008	7	190.2	31
USGS	04118500	00060	1		2008	8	110.2	31
USGS	04118500	00060	1		2008	9	273.2	30
USGS	04118500	00060	1		2008	10	194.6	31
USGS	04118500	00060	1		2008	11	239.2	30
USGS	04118500	00060	1		2008	12	444.8	31
USGS	04118500	00060	1		2009	1	310.5	31
USGS	04118500	00060	1		2009	2	530.0	28
USGS	04118500	00060	1		2009	3	552.1	31
USGS	04118500	00060	1		2009	4	511.5	30
USGS	04118500	00060	1		2009	5	440.5	31
USGS	04118500	00060	1		2009	6	254.0	30
USGS	04118500	00060	1		2009	7	158.5	31
USGS	04118500	00060	1		2009	8	183.5	31
USGS	04118500	00060	1		2009	9	133.9	30
USGS	04118500	00060	1		2009	10	265.2	31
USGS	04118500	00060	1		2009	11	361.2	30
USGS	04118500	00060	1		2009	12	277.4	31
USGS	04118500	00060	1		2010	1	260.7	31
USGS	04118500	00060	1		2010	2	210.0	28
USGS	04118500	00060	1		2010	3	364.6	31
USGS	04118500	00060	1		2010	4	287.6	30
USGS	04118500	00060	1		2010	5	267.1	31
USGS	04118500	00060	1		2010	6	242.5	30
USGS	04118500	00060	1		2010	7	130.6	31
USGS	04118500	00060	1		2010	8	105.0	31
USGS	04118500	00060	1		2010	9	123.3	30
USGS	04118500	00060	1		2010	10	127.5	31
USGS	04118500	00060	1		2010	11	145.6	30
USGS	04118500	00060	1		2010	12	157.1	31
USGS	04118500	00060	1		2011	1	178.1	31
USGS	04118500	00060	1		2011	2	218.9	28
USGS	04118500	00060	1		2011	3	380.5	31
USGS	04118500	00060	1		2011	4	446.6	30
USGS	04118500	00060	1		2011	5	363.5	31
USGS	04118500	00060	1		2011	6	244.5	30
USGS	04118500	00060	1		2011	7	200.5	31
USGS	04118500	00060	1		2011	8	207.2	31
USGS	04118500	00060	1		2011	9	138.8	30
USGS	04118500	00060	1		2011	10	155.8	31
USGS	04118500	00060	1		2011	11	247.7	30
USGS	04118500	00060	1		2011	12	274.2	31
USGS	04118500	00060	1		2012	1	268.2	31
USGS	04118500	00060	1		2012	2	256.1	29
USGS	04118500	00060	1		2012	3	390.4	31
USGS	04118500	00060	1		2012	4	266.8	30
USGS	04118500	00060	1		2012	5	223.6	31
USGS	04118500	00060	1		2012	6	128.2	30
USGS	04118500	00060	1		2012	7	95.0	31
USGS	04118500	00060	1		2012	8	118.1	31
USGS	04118500	00060	1		2012	9	86.3	30
USGS	04118500	00060	1		2012	10	158.0	31
USGS	04118500	00060	1		2012	11	144.9	30
USGS	04118500	00060	1		2012	12	177.9	31
USGS	04118500	00060	1		2013	1	226.8	31
USGS	04118500	00060	1		2013	2	312.5	28
USGS	04118500	00060	1		2013	3	326.8	31
USGS	04118500	00060	1		2013	4	824.5	30
USGS	04118500	00060	1		2013	5	402.5	31
USGS	04118500	00060	1		2013	6	319.4	30
USGS	04118500	00060	1		2013	7	172.1	31
USGS	04118500	00060	1		2013	8	133.5	31
USGS	04118500	00060	1		2013	9	140.0	30
