#
#
# US Geological Survey, Water Resources Data
# retrieved: 2014-11-20 16:24:56 EST	(natwebcaas01)
#
# This file contains USGS Monthly Statistics
#
# Note:The statistics generated are based on approved daily-mean data and may not match those published by the USGS in official publications.
# The user is responsible for assessment and use of statistics from this site.
# For more details on why the statistics may not match, visit http://help.waterdata.usgs.gov/faq/about-statistics.
#
# Data heading explanations.
# agency_cd       -- agency code
# site_no         -- Site identification number
# parameter_cd    -- Parameter code
# station_nm      -- Site name
# loc_web_ds      -- Additional measurement description
#
# Data for the following 1 site(s) are contained in this file
# agency_cd   site_no      parameter_cd   station_nm (loc_web_ds)
# USGS        04116000     00060          GRAND RIVER AT IONIA, MI
#
# Explanation of Parameter Codes
# parameter_cd	Parameter Name
# 00060         Discharge, cubic feet per second
#
# Data heading explanations.
# year_nu     ... Calendar year for value.
# month_nu    ... Month for value.
# mean_va     ... Mean of daily mean values for this month.
# count_nu    ... Number of values used in the calculation.
#
agency_cd	site_no	parameter_cd	dd_nu	loc_web_ds	year_nu	month_nu	mean_va	count_nu
# 5s	15s	5s	3n	15s	4s	2s	12n	8n
USGS	04116000	00060	1		1931	4	702.3	30
USGS	04116000	00060	1		1931	5	566.7	31
USGS	04116000	00060	1		1931	6	647.8	30
USGS	04116000	00060	1		1951	8	765.6	31
USGS	04116000	00060	1		1951	9	748.9	30
USGS	04116000	00060	1		1951	10	1440	31
USGS	04116000	00060	1		1951	11	2911	30
USGS	04116000	00060	1		1951	12	2212	31
USGS	04116000	00060	1		1952	1	5642	31
USGS	04116000	00060	1		1952	2	3431	29
USGS	04116000	00060	1		1952	3	4982	31
USGS	04116000	00060	1		1952	4	6107	30
USGS	04116000	00060	1		1952	5	2190	31
USGS	04116000	00060	1		1952	6	1246	30
USGS	04116000	00060	1		1952	7	625.3	31
USGS	04116000	00060	1		1952	8	676.5	31
USGS	04116000	00060	1		1952	9	555.3	30
USGS	04116000	00060	1		1952	10	463.9	31
USGS	04116000	00060	1		1952	11	873.5	30
USGS	04116000	00060	1		1952	12	1329	31
USGS	04116000	00060	1		1953	1	1315	31
USGS	04116000	00060	1		1953	2	1371	28
USGS	04116000	00060	1		1953	3	3119	31
USGS	04116000	00060	1		1953	4	2226	30
USGS	04116000	00060	1		1953	5	2221	31
USGS	04116000	00060	1		1953	6	1053	30
USGS	04116000	00060	1		1953	7	579.9	31
USGS	04116000	00060	1		1953	8	525.7	31
USGS	04116000	00060	1		1953	9	336.2	30
USGS	04116000	00060	1		1953	10	311.5	31
USGS	04116000	00060	1		1953	11	456.3	30
USGS	04116000	00060	1		1953	12	574.9	31
USGS	04116000	00060	1		1954	1	502.2	31
USGS	04116000	00060	1		1954	2	2952	28
USGS	04116000	00060	1		1954	3	3736	31
USGS	04116000	00060	1		1954	4	3778	30
USGS	04116000	00060	1		1954	5	1991	31
USGS	04116000	00060	1		1954	6	2226	30
USGS	04116000	00060	1		1954	7	904.3	31
USGS	04116000	00060	1		1954	8	425.2	31
USGS	04116000	00060	1		1954	9	371.8	30
USGS	04116000	00060	1		1954	10	2106	31
USGS	04116000	00060	1		1954	11	1416	30
USGS	04116000	00060	1		1954	12	1720	31
USGS	04116000	00060	1		1955	1	2909	31
USGS	04116000	00060	1		1955	2	2361	28
USGS	04116000	00060	1		1955	3	5023	31
USGS	04116000	00060	1		1955	4	2482	30
USGS	04116000	00060	1		1955	5	1307	31
USGS	04116000	00060	1		1955	6	1176	30
USGS	04116000	00060	1		1955	7	536.4	31
USGS	04116000	00060	1		1955	8	453.1	31
USGS	04116000	00060	1		1955	9	382.5	30
USGS	04116000	00060	1		1955	10	628.5	31
USGS	04116000	00060	1		1955	11	1215	30
USGS	04116000	00060	1		1955	12	1044	31
USGS	04116000	00060	1		1956	1	608.7	31
USGS	04116000	00060	1		1956	2	935.2	29
USGS	04116000	00060	1		1956	3	6464	31
USGS	04116000	00060	1		1956	4	4042	30
USGS	04116000	00060	1		1956	5	9715	31
USGS	04116000	00060	1		1956	6	1677	30
USGS	04116000	00060	1		1956	7	922.1	31
USGS	04116000	00060	1		1956	8	1045	31
USGS	04116000	00060	1		1956	9	547.9	30
USGS	04116000	00060	1		1956	10	402.5	31
USGS	04116000	00060	1		1956	11	542.5	30
USGS	04116000	00060	1		1956	12	769.1	31
USGS	04116000	00060	1		1957	1	871.2	31
USGS	04116000	00060	1		1957	2	1968	28
USGS	04116000	00060	1		1957	3	2095	31
USGS	04116000	00060	1		1957	4	3015	30
USGS	04116000	00060	1		1957	5	4647	31
USGS	04116000	00060	1		1957	6	1462	30
USGS	04116000	00060	1		1957	7	3348	31
USGS	04116000	00060	1		1957	8	639.6	31
USGS	04116000	00060	1		1957	9	585.0	30
USGS	04116000	00060	1		1957	10	805.9	31
USGS	04116000	00060	1		1957	11	1986	30
USGS	04116000	00060	1		1957	12	2188	31
USGS	04116000	00060	1		1958	1	1564	31
USGS	04116000	00060	1		1958	2	1125	28
USGS	04116000	00060	1		1958	3	3272	31
USGS	04116000	00060	1		1958	4	1564	30
USGS	04116000	00060	1		1958	5	778.8	31
USGS	04116000	00060	1		1958	6	657.3	30
USGS	04116000	00060	1		1958	7	817.4	31
USGS	04116000	00060	1		1958	8	550.3	31
USGS	04116000	00060	1		1958	9	417.7	30
USGS	04116000	00060	1		1958	10	527.1	31
USGS	04116000	00060	1		1958	11	655.3	30
USGS	04116000	00060	1		1958	12	490.3	31
USGS	04116000	00060	1		1959	1	498.4	31
USGS	04116000	00060	1		1959	2	1314	28
USGS	04116000	00060	1		1959	3	6450	31
USGS	04116000	00060	1		1959	4	4840	30
USGS	04116000	00060	1		1959	5	1873	31
USGS	04116000	00060	1		1959	6	719.7	30
USGS	04116000	00060	1		1959	7	432.9	31
USGS	04116000	00060	1		1959	8	601.8	31
USGS	04116000	00060	1		1959	9	475.0	30
USGS	04116000	00060	1		1959	10	1595	31
USGS	04116000	00060	1		1959	11	2277	30
USGS	04116000	00060	1		1959	12	2313	31
USGS	04116000	00060	1		1960	1	3186	31
USGS	04116000	00060	1		1960	2	2608	29
USGS	04116000	00060	1		1960	3	2429	31
USGS	04116000	00060	1		1960	4	7079	30
USGS	04116000	00060	1		1960	5	2566	31
USGS	04116000	00060	1		1960	6	1902	30
USGS	04116000	00060	1		1960	7	973.1	31
USGS	04116000	00060	1		1960	8	700.5	31
USGS	04116000	00060	1		1960	9	487.3	30
USGS	04116000	00060	1		1960	10	489.3	31
USGS	04116000	00060	1		1960	11	752.7	30
USGS	04116000	00060	1		1960	12	404.0	31
USGS	04116000	00060	1		1961	1	400.3	31
USGS	04116000	00060	1		1961	2	618.6	28
USGS	04116000	00060	1		1961	3	2096	31
USGS	04116000	00060	1		1961	4	2829	30
USGS	04116000	00060	1		1961	5	2087	31
USGS	04116000	00060	1		1961	6	815.4	30
USGS	04116000	00060	1		1961	7	435.0	31
USGS	04116000	00060	1		1961	8	597.9	31
USGS	04116000	00060	1		1961	9	831.2	30
USGS	04116000	00060	1		1961	10	679.8	31
USGS	04116000	00060	1		1961	11	913.1	30
USGS	04116000	00060	1		1961	12	912.8	31
USGS	04116000	00060	1		1962	1	836.0	31
USGS	04116000	00060	1		1962	2	973.6	28
USGS	04116000	00060	1		1962	3	6183	31
USGS	04116000	00060	1		1962	4	2282	30
USGS	04116000	00060	1		1962	5	2060	31
USGS	04116000	00060	1		1962	6	668.9	30
USGS	04116000	00060	1		1962	7	557.8	31
USGS	04116000	00060	1		1962	8	360.7	31
USGS	04116000	00060	1		1962	9	372.4	30
USGS	04116000	00060	1		1962	10	429.3	31
USGS	04116000	00060	1		1962	11	404.2	30
USGS	04116000	00060	1		1962	12	501.1	31
USGS	04116000	00060	1		1963	1	375.5	31
USGS	04116000	00060	1		1963	2	377.1	28
USGS	04116000	00060	1		1963	3	2794	31
USGS	04116000	00060	1		1963	4	1388	30
USGS	04116000	00060	1		1963	5	1383	31
USGS	04116000	00060	1		1963	6	899.5	30
USGS	04116000	00060	1		1963	7	380.3	31
USGS	04116000	00060	1		1963	8	335.2	31
USGS	04116000	00060	1		1963	9	300.4	30
USGS	04116000	00060	1		1963	10	253.9	31
USGS	04116000	00060	1		1963	11	405.1	30
USGS	04116000	00060	1		1963	12	346.0	31
USGS	04116000	00060	1		1964	1	389.7	31
USGS	04116000	00060	1		1964	2	449.6	29
USGS	04116000	00060	1		1964	3	802.1	31
USGS	04116000	00060	1		1964	4	1509	30
USGS	04116000	00060	1		1964	5	1530	31
USGS	04116000	00060	1		1964	6	649.7	30
USGS	04116000	00060	1		1964	7	506.4	31
USGS	04116000	00060	1		1964	8	387.5	31
USGS	04116000	00060	1		1964	9	347.6	30
USGS	04116000	00060	1		1964	10	323.4	31
USGS	04116000	00060	1		1964	11	380.4	30
USGS	04116000	00060	1		1964	12	612.3	31
USGS	04116000	00060	1		1965	1	910.8	31
USGS	04116000	00060	1		1965	2	3626	28
USGS	04116000	00060	1		1965	3	4406	31
USGS	04116000	00060	1		1965	4	5997	30
USGS	04116000	00060	1		1965	5	1169	31
USGS	04116000	00060	1		1965	6	637.3	30
USGS	04116000	00060	1		1965	7	287.3	31
USGS	04116000	00060	1		1965	8	309.6	31
USGS	04116000	00060	1		1965	9	617.8	30
USGS	04116000	00060	1		1965	10	562.1	31
USGS	04116000	00060	1		1965	11	620.1	30
USGS	04116000	00060	1		1965	12	1819	31
USGS	04116000	00060	1		1966	1	1790	31
USGS	04116000	00060	1		1966	2	1762	28
USGS	04116000	00060	1		1966	3	3558	31
USGS	04116000	00060	1		1966	4	2405	30
USGS	04116000	00060	1		1966	5	2758	31
USGS	04116000	00060	1		1966	6	955.1	30
USGS	04116000	00060	1		1966	7	631.5	31
USGS	04116000	00060	1		1966	8	454.5	31
USGS	04116000	00060	1		1966	9	361.5	30
USGS	04116000	00060	1		1966	10	380.0	31
USGS	04116000	00060	1		1966	11	983.5	30
USGS	04116000	00060	1		1966	12	2640	31
USGS	04116000	00060	1		1967	1	1067	31
USGS	04116000	00060	1		1967	2	2285	28
USGS	04116000	00060	1		1967	3	4888	31
USGS	04116000	00060	1		1967	4	6678	30
USGS	04116000	00060	1		1967	5	2028	31
USGS	04116000	00060	1		1967	6	1339	30
USGS	04116000	00060	1		1967	7	947.3	31
USGS	04116000	00060	1		1967	8	522.7	31
USGS	04116000	00060	1		1967	9	451.2	30
USGS	04116000	00060	1		1967	10	741.6	31
USGS	04116000	00060	1		1967	11	1698	30
USGS	04116000	00060	1		1967	12	3229	31
USGS	04116000	00060	1		1968	1	1656	31
USGS	04116000	00060	1		1968	2	5091	29
USGS	04116000	00060	1		1968	3	2354	31
USGS	04116000	00060	1		1968	4	2939	30
USGS	04116000	00060	1		1968	5	1554	31
USGS	04116000	00060	1		1968	6	3579	30
USGS	04116000	00060	1		1968	7	3810	31
USGS	04116000	00060	1		1968	8	1337	31
USGS	04116000	00060	1		1968	9	850.9	30
USGS	04116000	00060	1		1968	10	772.6	31
USGS	04116000	00060	1		1968	11	1201	30
USGS	04116000	00060	1		1968	12	2027	31
USGS	04116000	00060	1		1969	1	2984	31
USGS	04116000	00060	1		1969	2	2928	28
USGS	04116000	00060	1		1969	3	2009	31
USGS	04116000	00060	1		1969	4	4741	30
USGS	04116000	00060	1		1969	5	4348	31
USGS	04116000	00060	1		1969	6	2267	30
USGS	04116000	00060	1		1969	7	2102	31
USGS	04116000	00060	1		1969	8	868.9	31
USGS	04116000	00060	1		1969	9	452.9	30
USGS	04116000	00060	1		1969	10	646.1	31
USGS	04116000	00060	1		1969	11	984.6	30
USGS	04116000	00060	1		1969	12	811.8	31
USGS	04116000	00060	1		1970	1	617.4	31
USGS	04116000	00060	1		1970	2	969.3	28
USGS	04116000	00060	1		1970	3	2077	31
USGS	04116000	00060	1		1970	4	4427	30
USGS	04116000	00060	1		1970	5	2278	31
USGS	04116000	00060	1		1970	6	1723	30
USGS	04116000	00060	1		1970	7	1198	31
USGS	04116000	00060	1		1970	8	664.9	31
USGS	04116000	00060	1		1970	9	856.3	30
USGS	04116000	00060	1		1970	10	1770	31
USGS	04116000	00060	1		1970	11	2650	30
USGS	04116000	00060	1		1970	12	2845	31
USGS	04116000	00060	1		1971	1	1435	31
USGS	04116000	00060	1		1971	2	4939	28
USGS	04116000	00060	1		1971	3	6029	31
USGS	04116000	00060	1		1971	4	2850	30
USGS	04116000	00060	1		1971	5	1144	31
USGS	04116000	00060	1		1971	6	849.3	30
USGS	04116000	00060	1		1971	7	514.5	31
USGS	04116000	00060	1		1971	8	377.9	31
USGS	04116000	00060	1		1971	9	471.9	30
USGS	04116000	00060	1		1971	10	653.5	31
USGS	04116000	00060	1		1971	11	616.0	30
USGS	04116000	00060	1		1971	12	2172	31
USGS	04116000	00060	1		1972	1	1948	31
USGS	04116000	00060	1		1972	2	1117	29
USGS	04116000	00060	1		1972	3	4785	31
USGS	04116000	00060	1		1972	4	5620	30
USGS	04116000	00060	1		1972	5	2599	31
USGS	04116000	00060	1		1972	6	1131	30
USGS	04116000	00060	1		1972	7	948.3	31
USGS	04116000	00060	1		1972	8	1168	31
USGS	04116000	00060	1		1972	9	1385	30
USGS	04116000	00060	1		1972	10	1632	31
USGS	04116000	00060	1		1972	11	3187	30
USGS	04116000	00060	1		1972	12	2955	31
USGS	04116000	00060	1		1973	1	5697	31
USGS	04116000	00060	1		1973	2	2343	28
USGS	04116000	00060	1		1973	3	7789	31
USGS	04116000	00060	1		1973	4	5766	30
USGS	04116000	00060	1		1973	5	3447	31
USGS	04116000	00060	1		1973	6	3122	30
USGS	04116000	00060	1		1973	7	1164	31
USGS	04116000	00060	1		1973	8	948.3	31
USGS	04116000	00060	1		1973	9	599.6	30
USGS	04116000	00060	1		1973	10	832.4	31
USGS	04116000	00060	1		1973	11	1574	30
USGS	04116000	00060	1		1973	12	2690	31
USGS	04116000	00060	1		1974	1	5507	31
USGS	04116000	00060	1		1974	2	4521	28
USGS	04116000	00060	1		1974	3	8503	31
USGS	04116000	00060	1		1974	4	6390	30
USGS	04116000	00060	1		1974	5	4369	31
USGS	04116000	00060	1		1974	6	1850	30
USGS	04116000	00060	1		1974	7	883.4	31
USGS	04116000	00060	1		1974	8	718.3	31
USGS	04116000	00060	1		1974	9	603.7	30
USGS	04116000	00060	1		1974	10	619.6	31
USGS	04116000	00060	1		1974	11	1040	30
USGS	04116000	00060	1		1974	12	1101	31
USGS	04116000	00060	1		1975	1	2759	31
USGS	04116000	00060	1		1975	2	2926	28
USGS	04116000	00060	1		1975	3	4388	31
USGS	04116000	00060	1		1975	4	6609	30
USGS	04116000	00060	1		1975	5	3072	31
USGS	04116000	00060	1		1975	6	1898	30
USGS	04116000	00060	1		1975	7	862.9	31
USGS	04116000	00060	1		1975	8	1600	31
USGS	04116000	00060	1		1975	9	4613	30
USGS	04116000	00060	1		1975	10	1203	31
USGS	04116000	00060	1		1975	11	1454	30
USGS	04116000	00060	1		1975	12	4216	31
USGS	04116000	00060	1		1976	1	1792	31
USGS	04116000	00060	1		1976	2	6170	29
USGS	04116000	00060	1		1976	3	8925	31
USGS	04116000	00060	1		1976	4	4485	30
USGS	04116000	00060	1		1976	5	4895	31
USGS	04116000	00060	1		1976	6	1419	30
USGS	04116000	00060	1		1976	7	1800	31
USGS	04116000	00060	1		1976	8	596.1	31
USGS	04116000	00060	1		1976	9	474.3	30
USGS	04116000	00060	1		1976	10	635.7	31
USGS	04116000	00060	1		1976	11	683.1	30
USGS	04116000	00060	1		1976	12	603.9	31
USGS	04116000	00060	1		1977	1	492.9	31
USGS	04116000	00060	1		1977	2	751.1	28
USGS	04116000	00060	1		1977	3	3007	31
USGS	04116000	00060	1		1977	4	2758	30
USGS	04116000	00060	1		1977	5	1143	31
USGS	04116000	00060	1		1977	6	627.2	30
USGS	04116000	00060	1		1977	7	356.1	31
USGS	04116000	00060	1		1977	8	369.2	31
USGS	04116000	00060	1		1977	9	564.1	30
USGS	04116000	00060	1		1977	10	760.1	31
USGS	04116000	00060	1		1977	11	745.7	30
USGS	04116000	00060	1		1977	12	1587	31
USGS	04116000	00060	1		1978	1	1021	31
USGS	04116000	00060	1		1978	2	810.7	28
USGS	04116000	00060	1		1978	3	3499	31
USGS	04116000	00060	1		1978	4	5771	30
USGS	04116000	00060	1		1978	5	1893	31
USGS	04116000	00060	1		1978	6	824.1	30
USGS	04116000	00060	1		1978	7	501.1	31
USGS	04116000	00060	1		1978	8	505.4	31
USGS	04116000	00060	1		1978	9	539.3	30
USGS	04116000	00060	1		1978	10	566.7	31
USGS	04116000	00060	1		1978	11	628.7	30
USGS	04116000	00060	1		1978	12	887.3	31
USGS	04116000	00060	1		1979	1	1064	31
USGS	04116000	00060	1		1979	2	831.1	28
USGS	04116000	00060	1		1979	3	5738	31
USGS	04116000	00060	1		1979	4	3922	30
USGS	04116000	00060	1		1979	5	2087	31
USGS	04116000	00060	1		1979	6	813.7	30
USGS	04116000	00060	1		1979	7	947.8	31
USGS	04116000	00060	1		1979	8	595.3	31
USGS	04116000	00060	1		1979	9	367.0	30
USGS	04116000	00060	1		1979	10	427.6	31
USGS	04116000	00060	1		1979	11	754.2	30
USGS	04116000	00060	1		1979	12	1411	31
USGS	04116000	00060	1		1980	1	1480	31
USGS	04116000	00060	1		1980	2	925.2	29
USGS	04116000	00060	1		1980	3	2309	31
USGS	04116000	00060	1		1980	4	4001	30
USGS	04116000	00060	1		1980	5	1967	31
USGS	04116000	00060	1		1980	6	1853	30
USGS	04116000	00060	1		1980	7	752.3	31
USGS	04116000	00060	1		1980	8	1442	31
USGS	04116000	00060	1		1980	9	1548	30
USGS	04116000	00060	1		1980	10	1433	31
USGS	04116000	00060	1		1980	11	1115	30
USGS	04116000	00060	1		1980	12	2274	31
USGS	04116000	00060	1		1981	1	1047	31
USGS	04116000	00060	1		1981	2	4438	28
USGS	04116000	00060	1		1981	3	2920	31
USGS	04116000	00060	1		1981	4	3755	30
USGS	04116000	00060	1		1981	5	4050	31
USGS	04116000	00060	1		1981	6	1936	30
USGS	04116000	00060	1		1981	7	725.9	31
USGS	04116000	00060	1		1981	8	680.4	31
USGS	04116000	00060	1		1981	9	1201	30
USGS	04116000	00060	1		1981	10	5778	31
USGS	04116000	00060	1		1981	11	1872	30
USGS	04116000	00060	1		1981	12	1651	31
USGS	04116000	00060	1		1982	1	1371	31
USGS	04116000	00060	1		1982	2	1216	28
USGS	04116000	00060	1		1982	3	7816	31
USGS	04116000	00060	1		1982	4	4959	30
USGS	04116000	00060	1		1982	5	1511	31
USGS	04116000	00060	1		1982	6	1847	30
USGS	04116000	00060	1		1982	7	1132	31
USGS	04116000	00060	1		1982	8	754.2	31
USGS	04116000	00060	1		1982	9	649.3	30
USGS	04116000	00060	1		1982	10	638.0	31
USGS	04116000	00060	1		1982	11	1629	30
USGS	04116000	00060	1		1982	12	3850	31
USGS	04116000	00060	1		1983	1	2033	31
USGS	04116000	00060	1		1983	2	2208	28
USGS	04116000	00060	1		1983	3	3229	31
USGS	04116000	00060	1		1983	4	6699	30
USGS	04116000	00060	1		1983	5	5361	31
USGS	04116000	00060	1		1983	6	2146	30
USGS	04116000	00060	1		1983	7	1017	31
USGS	04116000	00060	1		1983	8	749.1	31
USGS	04116000	00060	1		1983	9	695.7	30
USGS	04116000	00060	1		1983	10	824.1	31
USGS	04116000	00060	1		1983	11	1412	30
USGS	04116000	00060	1		1983	12	2292	31
USGS	04116000	00060	1		1984	1	1213	31
USGS	04116000	00060	1		1984	2	3453	29
USGS	04116000	00060	1		1984	3	3188	31
USGS	04116000	00060	1		1984	4	3524	30
USGS	04116000	00060	1		1984	5	2423	31
USGS	04116000	00060	1		1984	6	1776	30
USGS	04116000	00060	1		1984	7	568.7	31
USGS	04116000	00060	1		1984	8	438.3	31
USGS	04116000	00060	1		1984	9	457.8	30
USGS	04116000	00060	1		1984	10	668.4	31
USGS	04116000	00060	1		1984	11	1137	30
USGS	04116000	00060	1		1984	12	1684	31
USGS	04116000	00060	1		1985	1	2841	31
USGS	04116000	00060	1		1985	2	3561	28
USGS	04116000	00060	1		1985	3	9398	31
USGS	04116000	00060	1		1985	4	7126	30
USGS	04116000	00060	1		1985	5	1649	31
USGS	04116000	00060	1		1985	6	1308	30
USGS	04116000	00060	1		1985	7	779.5	31
USGS	04116000	00060	1		1985	8	883.2	31
USGS	04116000	00060	1		1985	9	2199	30
USGS	04116000	00060	1		1985	10	1712	31
USGS	04116000	00060	1		1985	11	3687	30
USGS	04116000	00060	1		1985	12	2778	31
USGS	04116000	00060	1		1986	1	2267	31
USGS	04116000	00060	1		1986	2	3356	28
USGS	04116000	00060	1		1986	3	7105	31
USGS	04116000	00060	1		1986	4	2787	30
USGS	04116000	00060	1		1986	5	2058	31
USGS	04116000	00060	1		1986	6	3435	30
USGS	04116000	00060	1		1986	7	1447	31
USGS	04116000	00060	1		1986	8	711.7	31
USGS	04116000	00060	1		1986	9	4531	30
USGS	04116000	00060	1		1986	10	7613	31
USGS	04116000	00060	1		1986	11	1905	30
USGS	04116000	00060	1		1986	12	2371	31
USGS	04116000	00060	1		1987	1	1717	31
USGS	04116000	00060	1		1987	2	1471	28
USGS	04116000	00060	1		1987	3	2465	31
USGS	04116000	00060	1		1987	4	1961	30
USGS	04116000	00060	1		1987	5	994.0	31
USGS	04116000	00060	1		1987	6	704.8	30
USGS	04116000	00060	1		1987	7	518.0	31
USGS	04116000	00060	1		1987	8	836.8	31
USGS	04116000	00060	1		1987	9	1027	30
USGS	04116000	00060	1		1987	10	888.7	31
USGS	04116000	00060	1		1987	11	1357	30
USGS	04116000	00060	1		1987	12	4075	31
USGS	04116000	00060	1		1988	1	2409	31
USGS	04116000	00060	1		1988	2	2907	29
USGS	04116000	00060	1		1988	3	3039	31
USGS	04116000	00060	1		1988	4	4308	30
USGS	04116000	00060	1		1988	5	1277	31
USGS	04116000	00060	1		1988	6	463.6	30
USGS	04116000	00060	1		1988	7	384.5	31
USGS	04116000	00060	1		1988	8	509.1	31
USGS	04116000	00060	1		1988	9	1056	30
USGS	04116000	00060	1		1988	10	1449	31
USGS	04116000	00060	1		1988	11	4479	30
USGS	04116000	00060	1		1988	12	2189	31
USGS	04116000	00060	1		1989	1	2272	31
USGS	04116000	00060	1		1989	2	1455	28
USGS	04116000	00060	1		1989	3	3335	31
USGS	04116000	00060	1		1989	4	3612	30
USGS	04116000	00060	1		1989	5	1574	31
USGS	04116000	00060	1		1989	6	4963	30
USGS	04116000	00060	1		1989	7	1483	31
USGS	04116000	00060	1		1989	8	1012	31
USGS	04116000	00060	1		1989	9	1810	30
USGS	04116000	00060	1		1989	10	865.4	31
USGS	04116000	00060	1		1989	11	2240	30
USGS	04116000	00060	1		1989	12	1447	31
USGS	04116000	00060	1		1990	1	3367	31
USGS	04116000	00060	1		1990	2	3019	28
USGS	04116000	00060	1		1990	3	5939	31
USGS	04116000	00060	1		1990	4	3606	30
USGS	04116000	00060	1		1990	5	2692	31
USGS	04116000	00060	1		1990	6	1280	30
USGS	04116000	00060	1		1990	7	926.3	31
USGS	04116000	00060	1		1990	8	804.6	31
USGS	04116000	00060	1		1990	9	799.1	30
USGS	04116000	00060	1		1990	10	2898	31
USGS	04116000	00060	1		1990	11	4590	30
USGS	04116000	00060	1		1990	12	4672	31
USGS	04116000	00060	1		1991	1	3663	31
USGS	04116000	00060	1		1991	2	3250	28
USGS	04116000	00060	1		1991	3	4612	31
USGS	04116000	00060	1		1991	4	5924	30
USGS	04116000	00060	1		1991	5	2927	31
USGS	04116000	00060	1		1991	6	1500	30
USGS	04116000	00060	1		1991	7	769.3	31
USGS	04116000	00060	1		1991	8	776.5	31
USGS	04116000	00060	1		1991	9	529.5	30
USGS	04116000	00060	1		1991	10	934.8	31
USGS	04116000	00060	1		1991	11	1640	30
USGS	04116000	00060	1		1991	12	3519	31
USGS	04116000	00060	1		1992	1	2419	31
USGS	04116000	00060	1		1992	2	2294	29
USGS	04116000	00060	1		1992	3	3795	31
USGS	04116000	00060	1		1992	4	4811	30
USGS	04116000	00060	1		1992	5	2692	31
USGS	04116000	00060	1		1992	6	1137	30
USGS	04116000	00060	1		1992	7	1610	31
USGS	04116000	00060	1		1992	8	1752	31
USGS	04116000	00060	1		1992	9	2145	30
USGS	04116000	00060	1		1992	10	2168	31
USGS	04116000	00060	1		1992	11	4931	30
USGS	04116000	00060	1		1992	12	3039	31
USGS	04116000	00060	1		1993	1	5715	31
USGS	04116000	00060	1		1993	2	2220	28
USGS	04116000	00060	1		1993	3	4565	31
USGS	04116000	00060	1		1993	4	7492	30
USGS	04116000	00060	1		1993	5	3187	31
USGS	04116000	00060	1		1993	6	3131	30
USGS	04116000	00060	1		1993	7	1973	31
USGS	04116000	00060	1		1993	8	1194	31
USGS	04116000	00060	1		1993	9	2164	30
USGS	04116000	00060	1		1993	10	3664	31
USGS	04116000	00060	1		1993	11	2058	30
USGS	04116000	00060	1		1993	12	1926	31
USGS	04116000	00060	1		1994	1	1226	31
USGS	04116000	00060	1		1994	2	3657	28
USGS	04116000	00060	1		1994	3	5452	31
USGS	04116000	00060	1		1994	4	3692	30
USGS	04116000	00060	1		1994	5	2921	31
USGS	04116000	00060	1		1994	6	3003	30
USGS	04116000	00060	1		1994	7	4468	31
USGS	04116000	00060	1		1994	8	2416	31
USGS	04116000	00060	1		1994	9	1099	30
USGS	04116000	00060	1		1994	10	1574	31
USGS	04116000	00060	1		1994	11	4259	30
USGS	04116000	00060	1		1994	12	3352	31
USGS	04116000	00060	1		1995	1	3205	31
USGS	04116000	00060	1		1995	2	1945	28
USGS	04116000	00060	1		1995	3	4398	31
USGS	04116000	00060	1		1995	4	3061	30
USGS	04116000	00060	1		1995	5	2656	31
USGS	04116000	00060	1		1995	6	1273	30
USGS	04116000	00060	1		1995	7	993.3	31
USGS	04116000	00060	1		1995	8	1303	31
USGS	04116000	00060	1		1995	9	604.2	30
USGS	04116000	00060	1		1995	10	693.8	31
USGS	04116000	00060	1		1995	11	1857	30
USGS	04116000	00060	1		1995	12	1269	31
USGS	04116000	00060	1		1996	1	1490	31
USGS	04116000	00060	1		1996	2	1442	29
USGS	04116000	00060	1		1996	3	2089	31
USGS	04116000	00060	1		1996	4	2424	30
USGS	04116000	00060	1		1996	5	4180	31
USGS	04116000	00060	1		1996	6	4350	30
USGS	04116000	00060	1		1996	7	1077	31
USGS	04116000	00060	1		1996	8	774.4	31
USGS	04116000	00060	1		1996	9	577.6	30
USGS	04116000	00060	1		1996	10	746.9	31
USGS	04116000	00060	1		1996	11	1409	30
USGS	04116000	00060	1		1996	12	2028	31
USGS	04116000	00060	1		1997	1	2789	31
USGS	04116000	00060	1		1997	2	5208	28
USGS	04116000	00060	1		1997	3	5794	31
USGS	04116000	00060	1		1997	4	3399	30
USGS	04116000	00060	1		1997	5	2470	31
USGS	04116000	00060	1		1997	6	1589	30
USGS	04116000	00060	1		1997	7	1000	31
USGS	04116000	00060	1		1997	8	830.5	31
USGS	04116000	00060	1		1997	9	1068	30
USGS	04116000	00060	1		1997	10	752.5	31
USGS	04116000	00060	1		1997	11	1154	30
USGS	04116000	00060	1		1997	12	1225	31
USGS	04116000	00060	1		1998	1	3171	31
USGS	04116000	00060	1		1998	2	4808	28
USGS	04116000	00060	1		1998	3	6110	31
USGS	04116000	00060	1		1998	4	4171	30
USGS	04116000	00060	1		1998	5	3134	31
USGS	04116000	00060	1		1998	6	1152	30
USGS	04116000	00060	1		1998	7	778.9	31
USGS	04116000	00060	1		1998	8	638.1	31
USGS	04116000	00060	1		1998	9	475.2	30
USGS	04116000	00060	1		1998	10	608.5	31
USGS	04116000	00060	1		1998	11	729.2	30
USGS	04116000	00060	1		1998	12	798.0	31
USGS	04116000	00060	1		1999	1	1986	31
USGS	04116000	00060	1		1999	2	2308	28
USGS	04116000	00060	1		1999	3	1746	31
USGS	04116000	00060	1		1999	4	4225	30
USGS	04116000	00060	1		1999	5	2171	31
USGS	04116000	00060	1		1999	6	866.1	30
USGS	04116000	00060	1		1999	7	1043	31
USGS	04116000	00060	1		1999	8	512.6	31
USGS	04116000	00060	1		1999	9	365.6	30
USGS	04116000	00060	1		1999	10	495.2	31
USGS	04116000	00060	1		1999	11	541.7	30
USGS	04116000	00060	1		1999	12	802.2	31
USGS	04116000	00060	1		2000	1	723.0	31
USGS	04116000	00060	1		2000	2	989.3	29
USGS	04116000	00060	1		2000	3	1444	31
USGS	04116000	00060	1		2000	4	2128	30
USGS	04116000	00060	1		2000	5	5046	31
USGS	04116000	00060	1		2000	6	2385	30
USGS	04116000	00060	1		2000	7	1330	31
USGS	04116000	00060	1		2000	8	1214	31
USGS	04116000	00060	1		2000	9	1605	30
USGS	04116000	00060	1		2000	10	1307	31
USGS	04116000	00060	1		2000	11	1711	30
USGS	04116000	00060	1		2000	12	1632	31
USGS	04116000	00060	1		2001	1	1824	31
USGS	04116000	00060	1		2001	2	6595	28
USGS	04116000	00060	1		2001	3	4146	31
USGS	04116000	00060	1		2001	4	2961	30
USGS	04116000	00060	1		2001	5	4092	31
USGS	04116000	00060	1		2001	6	2834	30
USGS	04116000	00060	1		2001	7	714.7	31
USGS	04116000	00060	1		2001	8	556.1	31
USGS	04116000	00060	1		2001	9	702.7	30
USGS	04116000	00060	1		2001	10	2450	31
USGS	04116000	00060	1		2001	11	2261	30
USGS	04116000	00060	1		2001	12	2826	31
USGS	04116000	00060	1		2002	1	1936	31
USGS	04116000	00060	1		2002	2	3058	28
USGS	04116000	00060	1		2002	3	4407	31
USGS	04116000	00060	1		2002	4	3347	30
USGS	04116000	00060	1		2002	5	3219	31
USGS	04116000	00060	1		2002	6	1583	30
USGS	04116000	00060	1		2002	7	654.6	31
USGS	04116000	00060	1		2002	8	622.9	31
USGS	04116000	00060	1		2002	9	409.1	30
USGS	04116000	00060	1		2002	10	471.5	31
USGS	04116000	00060	1		2002	11	616.1	30
USGS	04116000	00060	1		2002	12	634.3	31
USGS	04116000	00060	1		2003	1	581.3	31
USGS	04116000	00060	1		2003	2	521.4	28
USGS	04116000	00060	1		2003	3	1657	31
USGS	04116000	00060	1		2003	4	2504	30
USGS	04116000	00060	1		2003	5	2469	31
USGS	04116000	00060	1		2003	6	1031	30
USGS	04116000	00060	1		2003	7	505.7	31
USGS	04116000	00060	1		2003	8	405.5	31
USGS	04116000	00060	1		2003	9	382.8	30
USGS	04116000	00060	1		2003	10	518.4	31
USGS	04116000	00060	1		2003	11	1637	30
USGS	04116000	00060	1		2003	12	1288	31
USGS	04116000	00060	1		2004	1	1364	31
USGS	04116000	00060	1		2004	2	1094	29
USGS	04116000	00060	1		2004	3	5007	31
USGS	04116000	00060	1		2004	4	1756	30
USGS	04116000	00060	1		2004	5	7435	31
USGS	04116000	00060	1		2004	6	4112	30
USGS	04116000	00060	1		2004	7	1569	31
USGS	04116000	00060	1		2004	8	977.3	31
USGS	04116000	00060	1		2004	9	637.2	30
USGS	04116000	00060	1		2004	10	568.0	31
USGS	04116000	00060	1		2004	11	1271	30
USGS	04116000	00060	1		2004	12	2815	31
USGS	04116000	00060	1		2005	1	4820	31
USGS	04116000	00060	1		2005	2	3864	28
USGS	04116000	00060	1		2005	3	4164	31
USGS	04116000	00060	1		2005	4	2812	30
USGS	04116000	00060	1		2005	5	1448	31
USGS	04116000	00060	1		2005	6	1302	30
USGS	04116000	00060	1		2005	7	846.4	31
USGS	04116000	00060	1		2005	8	543.4	31
USGS	04116000	00060	1		2005	9	459.6	30
USGS	04116000	00060	1		2005	10	448.9	31
USGS	04116000	00060	1		2005	11	791.2	30
USGS	04116000	00060	1		2005	12	995.2	31
USGS	04116000	00060	1		2006	1	3592	31
USGS	04116000	00060	1		2006	2	3841	28
USGS	04116000	00060	1		2006	3	4631	31
USGS	04116000	00060	1		2006	4	2743	30
USGS	04116000	00060	1		2006	5	3571	31
USGS	04116000	00060	1		2006	6	1564	30
USGS	04116000	00060	1		2006	7	1444	31
USGS	04116000	00060	1		2006	8	892.0	31
USGS	04116000	00060	1		2006	9	891.3	30
USGS	04116000	00060	1		2006	10	1667	31
USGS	04116000	00060	1		2006	11	2455	30
USGS	04116000	00060	1		2006	12	4527	31
USGS	04116000	00060	1		2007	1	4235	31
USGS	04116000	00060	1		2007	2	1631	28
USGS	04116000	00060	1		2007	3	5376	31
USGS	04116000	00060	1		2007	4	4275	30
USGS	04116000	00060	1		2007	5	2807	31
USGS	04116000	00060	1		2007	6	2003	30
USGS	04116000	00060	1		2007	7	614.7	31
USGS	04116000	00060	1		2007	8	872.6	31
USGS	04116000	00060	1		2007	9	754.7	30
USGS	04116000	00060	1		2007	10	897.0	31
USGS	04116000	00060	1		2007	11	983.2	30
USGS	04116000	00060	1		2007	12	1806	31
USGS	04116000	00060	1		2008	1	4149	31
USGS	04116000	00060	1		2008	2	4578	29
USGS	04116000	00060	1		2008	3	5119	31
USGS	04116000	00060	1		2008	4	5785	30
USGS	04116000	00060	1		2008	5	1713	31
USGS	04116000	00060	1		2008	6	2046	30
USGS	04116000	00060	1		2008	7	1497	31
USGS	04116000	00060	1		2008	8	528.2	31
USGS	04116000	00060	1		2008	9	3287	30
USGS	04116000	00060	1		2008	10	1463	31
USGS	04116000	00060	1		2008	11	1324	30
USGS	04116000	00060	1		2008	12	3943	31
USGS	04116000	00060	1		2009	1	3676	31
USGS	04116000	00060	1		2009	2	5090	28
USGS	04116000	00060	1		2009	3	6361	31
USGS	04116000	00060	1		2009	4	6015	30
USGS	04116000	00060	1		2009	5	5220	31
USGS	04116000	00060	1		2009	6	3788	30
USGS	04116000	00060	1		2009	7	1671	31
USGS	04116000	00060	1		2009	8	1545	31
USGS	04116000	00060	1		2009	9	796.9	30
USGS	04116000	00060	1		2009	10	1292	31
USGS	04116000	00060	1		2009	11	1938	30
USGS	04116000	00060	1		2009	12	1850	31
USGS	04116000	00060	1		2010	1	1711	31
USGS	04116000	00060	1		2010	2	1249	28
USGS	04116000	00060	1		2010	3	4252	31
USGS	04116000	00060	1		2010	4	3557	30
USGS	04116000	00060	1		2010	5	3791	31
USGS	04116000	00060	1		2010	6	3098	30
USGS	04116000	00060	1		2010	7	1254	31
USGS	04116000	00060	1		2010	8	764.3	31
USGS	04116000	00060	1		2010	9	654.7	30
USGS	04116000	00060	1		2010	10	651.2	31
USGS	04116000	00060	1		2010	11	822.2	30
USGS	04116000	00060	1		2010	12	854.5	31
USGS	04116000	00060	1		2011	1	1044	31
USGS	04116000	00060	1		2011	2	1516	28
USGS	04116000	00060	1		2011	3	5841	31
USGS	04116000	00060	1		2011	4	5616	30
USGS	04116000	00060	1		2011	5	7783	31
USGS	04116000	00060	1		2011	6	3826	30
USGS	04116000	00060	1		2011	7	1690	31
USGS	04116000	00060	1		2011	8	2747	31
USGS	04116000	00060	1		2011	9	953.0	30
USGS	04116000	00060	1		2011	10	1436	31
USGS	04116000	00060	1		2011	11	1736	30
USGS	04116000	00060	1		2011	12	4001	31
USGS	04116000	00060	1		2012	1	3153	31
USGS	04116000	00060	1		2012	2	3150	29
USGS	04116000	00060	1		2012	3	4806	31
USGS	04116000	00060	1		2012	4	2474	30
USGS	04116000	00060	1		2012	5	2585	31
USGS	04116000	00060	1		2012	6	925.5	30
USGS	04116000	00060	1		2012	7	487.6	31
USGS	04116000	00060	1		2012	8	801.5	31
USGS	04116000	00060	1		2012	9	494.0	30
USGS	04116000	00060	1		2012	10	772.5	31
USGS	04116000	00060	1		2012	11	751.9	30
USGS	04116000	00060	1		2012	12	1084	31
USGS	04116000	00060	1		2013	1	1784	31
USGS	04116000	00060	1		2013	2	2997	28
USGS	04116000	00060	1		2013	3	3140	31
USGS	04116000	00060	1		2013	4	10220	30
USGS	04116000	00060	1		2013	5	3585	31
USGS	04116000	00060	1		2013	6	3310	30
USGS	04116000	00060	1		2013	7	1196	31
USGS	04116000	00060	1		2013	8	844.8	31
USGS	04116000	00060	1		2013	9	730.5	30
