#
#
# US Geological Survey, Water Resources Data
# retrieved: 2014-11-20 16:24:58 EST	(natwebcaas01)
#
# This file contains USGS Monthly Statistics
#
# Note:The statistics generated are based on approved daily-mean data and may not match those published by the USGS in official publications.
# The user is responsible for assessment and use of statistics from this site.
# For more details on why the statistics may not match, visit http://help.waterdata.usgs.gov/faq/about-statistics.
#
# Data heading explanations.
# agency_cd       -- agency code
# site_no         -- Site identification number
# parameter_cd    -- Parameter code
# station_nm      -- Site name
# loc_web_ds      -- Additional measurement description
#
# Data for the following 1 site(s) are contained in this file
# agency_cd   site_no      parameter_cd   station_nm (loc_web_ds)
# USGS        04117500     00060          THORNAPPLE RIVER NEAR HASTINGS, MI
#
# Explanation of Parameter Codes
# parameter_cd	Parameter Name
# 00060         Discharge, cubic feet per second
#
# Data heading explanations.
# year_nu     ... Calendar year for value.
# month_nu    ... Month for value.
# mean_va     ... Mean of daily mean values for this month.
# count_nu    ... Number of values used in the calculation.
#
agency_cd	site_no	parameter_cd	dd_nu	loc_web_ds	year_nu	month_nu	mean_va	count_nu
# 5s	15s	5s	3n	15s	4s	2s	12n	8n
USGS	04117500	00060	1		1944	10	93.3	31
USGS	04117500	00060	1		1944	11	112.2	30
USGS	04117500	00060	1		1944	12	113.5	31
USGS	04117500	00060	1		1945	1	109.7	31
USGS	04117500	00060	1		1945	2	159.5	28
USGS	04117500	00060	1		1945	3	299.1	31
USGS	04117500	00060	1		1945	4	287.7	30
USGS	04117500	00060	1		1945	5	797.2	31
USGS	04117500	00060	1		1945	6	292.8	30
USGS	04117500	00060	1		1945	7	105.7	31
USGS	04117500	00060	1		1945	8	110.9	31
USGS	04117500	00060	1		1945	9	218.5	30
USGS	04117500	00060	1		1945	10	352.4	31
USGS	04117500	00060	1		1945	11	236.7	30
USGS	04117500	00060	1		1945	12	176.4	31
USGS	04117500	00060	1		1946	1	485.1	31
USGS	04117500	00060	1		1946	2	187.9	28
USGS	04117500	00060	1		1946	3	1136	31
USGS	04117500	00060	1		1946	4	176.4	30
USGS	04117500	00060	1		1946	5	179.6	31
USGS	04117500	00060	1		1946	6	241.0	30
USGS	04117500	00060	1		1946	7	83.4	31
USGS	04117500	00060	1		1946	8	50.2	31
USGS	04117500	00060	1		1946	9	63.6	30
USGS	04117500	00060	1		1946	10	83.5	31
USGS	04117500	00060	1		1946	11	129.6	30
USGS	04117500	00060	1		1946	12	151.5	31
USGS	04117500	00060	1		1947	1	231.7	31
USGS	04117500	00060	1		1947	2	199.7	28
USGS	04117500	00060	1		1947	3	593.3	31
USGS	04117500	00060	1		1947	4	1914	30
USGS	04117500	00060	1		1947	5	733.0	31
USGS	04117500	00060	1		1947	6	689.1	30
USGS	04117500	00060	1		1947	7	190.0	31
USGS	04117500	00060	1		1947	8	121.1	31
USGS	04117500	00060	1		1947	9	191.7	30
USGS	04117500	00060	1		1947	10	148.1	31
USGS	04117500	00060	1		1947	11	189.3	30
USGS	04117500	00060	1		1947	12	287.5	31
USGS	04117500	00060	1		1948	1	159.8	31
USGS	04117500	00060	1		1948	2	440.0	29
USGS	04117500	00060	1		1948	3	1506	31
USGS	04117500	00060	1		1948	4	579.1	30
USGS	04117500	00060	1		1948	5	979.3	31
USGS	04117500	00060	1		1948	6	181.7	30
USGS	04117500	00060	1		1948	7	171.8	31
USGS	04117500	00060	1		1948	8	90.1	31
USGS	04117500	00060	1		1948	9	88.7	30
USGS	04117500	00060	1		1948	10	95.2	31
USGS	04117500	00060	1		1948	11	130.3	30
USGS	04117500	00060	1		1948	12	149.0	31
USGS	04117500	00060	1		1949	1	386.0	31
USGS	04117500	00060	1		1949	2	756.3	28
USGS	04117500	00060	1		1949	3	293.5	31
USGS	04117500	00060	1		1949	4	480.5	30
USGS	04117500	00060	1		1949	5	209.2	31
USGS	04117500	00060	1		1949	6	192.6	30
USGS	04117500	00060	1		1949	7	116.3	31
USGS	04117500	00060	1		1949	8	107.9	31
USGS	04117500	00060	1		1949	9	110.1	30
USGS	04117500	00060	1		1949	10	130.9	31
USGS	04117500	00060	1		1949	11	121.0	30
USGS	04117500	00060	1		1949	12	496.9	31
USGS	04117500	00060	1		1950	1	838.1	31
USGS	04117500	00060	1		1950	2	404.6	28
USGS	04117500	00060	1		1950	3	1322	31
USGS	04117500	00060	1		1950	4	1483	30
USGS	04117500	00060	1		1950	5	387.1	31
USGS	04117500	00060	1		1950	6	332.3	30
USGS	04117500	00060	1		1950	7	215.7	31
USGS	04117500	00060	1		1950	8	124.8	31
USGS	04117500	00060	1		1950	9	252.1	30
USGS	04117500	00060	1		1950	10	139.0	31
USGS	04117500	00060	1		1950	11	175.7	30
USGS	04117500	00060	1		1950	12	375.3	31
USGS	04117500	00060	1		1951	1	545.0	31
USGS	04117500	00060	1		1951	2	686.3	28
USGS	04117500	00060	1		1951	3	446.7	31
USGS	04117500	00060	1		1951	4	536.3	30
USGS	04117500	00060	1		1951	5	327.9	31
USGS	04117500	00060	1		1951	6	279.0	30
USGS	04117500	00060	1		1951	7	137.0	31
USGS	04117500	00060	1		1951	8	112.2	31
USGS	04117500	00060	1		1951	9	117.5	30
USGS	04117500	00060	1		1951	10	262.9	31
USGS	04117500	00060	1		1951	11	428.5	30
USGS	04117500	00060	1		1951	12	318.2	31
USGS	04117500	00060	1		1952	1	832.4	31
USGS	04117500	00060	1		1952	2	433.0	29
USGS	04117500	00060	1		1952	3	663.7	31
USGS	04117500	00060	1		1952	4	833.9	30
USGS	04117500	00060	1		1952	5	439.0	31
USGS	04117500	00060	1		1952	6	222.9	30
USGS	04117500	00060	1		1952	7	130.7	31
USGS	04117500	00060	1		1952	8	122.3	31
USGS	04117500	00060	1		1952	9	99.2	30
USGS	04117500	00060	1		1952	10	95.7	31
USGS	04117500	00060	1		1952	11	168.1	30
USGS	04117500	00060	1		1952	12	215.0	31
USGS	04117500	00060	1		1953	1	202.8	31
USGS	04117500	00060	1		1953	2	207.0	28
USGS	04117500	00060	1		1953	3	411.5	31
USGS	04117500	00060	1		1953	4	361.9	30
USGS	04117500	00060	1		1953	5	266.0	31
USGS	04117500	00060	1		1953	6	143.8	30
USGS	04117500	00060	1		1953	7	75.8	31
USGS	04117500	00060	1		1953	8	90.5	31
USGS	04117500	00060	1		1953	9	65.1	30
USGS	04117500	00060	1		1953	10	78.5	31
USGS	04117500	00060	1		1953	11	95.5	30
USGS	04117500	00060	1		1953	12	111.6	31
USGS	04117500	00060	1		1954	1	99.4	31
USGS	04117500	00060	1		1954	2	472.6	28
USGS	04117500	00060	1		1954	3	577.1	31
USGS	04117500	00060	1		1954	4	476.2	30
USGS	04117500	00060	1		1954	5	197.3	31
USGS	04117500	00060	1		1954	6	309.5	30
USGS	04117500	00060	1		1954	7	135.6	31
USGS	04117500	00060	1		1954	8	90.1	31
USGS	04117500	00060	1		1954	9	77.4	30
USGS	04117500	00060	1		1954	10	564.5	31
USGS	04117500	00060	1		1954	11	316.6	30
USGS	04117500	00060	1		1954	12	344.4	31
USGS	04117500	00060	1		1955	1	538.2	31
USGS	04117500	00060	1		1955	2	434.8	28
USGS	04117500	00060	1		1955	3	737.7	31
USGS	04117500	00060	1		1955	4	330.0	30
USGS	04117500	00060	1		1955	5	188.0	31
USGS	04117500	00060	1		1955	6	253.3	30
USGS	04117500	00060	1		1955	7	107.9	31
USGS	04117500	00060	1		1955	8	77.1	31
USGS	04117500	00060	1		1955	9	74.4	30
USGS	04117500	00060	1		1955	10	127.5	31
USGS	04117500	00060	1		1955	11	195.4	30
USGS	04117500	00060	1		1955	12	165.5	31
USGS	04117500	00060	1		1956	1	101.9	31
USGS	04117500	00060	1		1956	2	146.8	29
USGS	04117500	00060	1		1956	3	1111	31
USGS	04117500	00060	1		1956	4	550.1	30
USGS	04117500	00060	1		1956	5	1391	31
USGS	04117500	00060	1		1956	6	180.0	30
USGS	04117500	00060	1		1956	7	108.2	31
USGS	04117500	00060	1		1956	8	93.5	31
USGS	04117500	00060	1		1956	9	75.0	30
USGS	04117500	00060	1		1956	10	87.7	31
USGS	04117500	00060	1		1956	11	107.3	30
USGS	04117500	00060	1		1956	12	124.9	31
USGS	04117500	00060	1		1957	1	129.6	31
USGS	04117500	00060	1		1957	2	187.5	28
USGS	04117500	00060	1		1957	3	219.6	31
USGS	04117500	00060	1		1957	4	447.7	30
USGS	04117500	00060	1		1957	5	859.8	31
USGS	04117500	00060	1		1957	6	176.3	30
USGS	04117500	00060	1		1957	7	303.2	31
USGS	04117500	00060	1		1957	8	78.9	31
USGS	04117500	00060	1		1957	9	97.0	30
USGS	04117500	00060	1		1957	10	143.6	31
USGS	04117500	00060	1		1957	11	315.9	30
USGS	04117500	00060	1		1957	12	327.7	31
USGS	04117500	00060	1		1958	1	192.5	31
USGS	04117500	00060	1		1958	2	197.1	28
USGS	04117500	00060	1		1958	3	506.2	31
USGS	04117500	00060	1		1958	4	229.9	30
USGS	04117500	00060	1		1958	5	111.2	31
USGS	04117500	00060	1		1958	6	106.3	30
USGS	04117500	00060	1		1958	7	117.0	31
USGS	04117500	00060	1		1958	8	150.9	31
USGS	04117500	00060	1		1958	9	101.6	30
USGS	04117500	00060	1		1958	10	104.7	31
USGS	04117500	00060	1		1958	11	122.9	30
USGS	04117500	00060	1		1958	12	121.1	31
USGS	04117500	00060	1		1959	1	115.5	31
USGS	04117500	00060	1		1959	2	154.9	28
USGS	04117500	00060	1		1959	3	936.1	31
USGS	04117500	00060	1		1959	4	538.2	30
USGS	04117500	00060	1		1959	5	233.6	31
USGS	04117500	00060	1		1959	6	100.5	30
USGS	04117500	00060	1		1959	7	73.5	31
USGS	04117500	00060	1		1959	8	103.1	31
USGS	04117500	00060	1		1959	9	92.2	30
USGS	04117500	00060	1		1959	10	263.9	31
USGS	04117500	00060	1		1959	11	369.3	30
USGS	04117500	00060	1		1959	12	330.6	31
USGS	04117500	00060	1		1960	1	564.9	31
USGS	04117500	00060	1		1960	2	388.8	29
USGS	04117500	00060	1		1960	3	418.8	31
USGS	04117500	00060	1		1960	4	956.6	30
USGS	04117500	00060	1		1960	5	471.9	31
USGS	04117500	00060	1		1960	6	438.8	30
USGS	04117500	00060	1		1960	7	162.8	31
USGS	04117500	00060	1		1960	8	136.6	31
USGS	04117500	00060	1		1960	9	85.8	30
USGS	04117500	00060	1		1960	10	89.7	31
USGS	04117500	00060	1		1960	11	130.7	30
USGS	04117500	00060	1		1960	12	111.1	31
USGS	04117500	00060	1		1961	1	102.0	31
USGS	04117500	00060	1		1961	2	148.0	28
USGS	04117500	00060	1		1961	3	307.5	31
USGS	04117500	00060	1		1961	4	463.3	30
USGS	04117500	00060	1		1961	5	239.7	31
USGS	04117500	00060	1		1961	6	120.7	30
USGS	04117500	00060	1		1961	7	79.0	31
USGS	04117500	00060	1		1961	8	103.4	31
USGS	04117500	00060	1		1961	9	103.7	30
USGS	04117500	00060	1		1961	10	125.6	31
USGS	04117500	00060	1		1961	11	154.4	30
USGS	04117500	00060	1		1961	12	163.1	31
USGS	04117500	00060	1		1962	1	148.2	31
USGS	04117500	00060	1		1962	2	155.4	28
USGS	04117500	00060	1		1962	3	793.2	31
USGS	04117500	00060	1		1962	4	299.2	30
USGS	04117500	00060	1		1962	5	374.3	31
USGS	04117500	00060	1		1962	6	120.1	30
USGS	04117500	00060	1		1962	7	99.1	31
USGS	04117500	00060	1		1962	8	56.4	31
USGS	04117500	00060	1		1962	9	84.3	30
USGS	04117500	00060	1		1962	10	88.8	31
USGS	04117500	00060	1		1962	11	94.3	30
USGS	04117500	00060	1		1962	12	109.7	31
USGS	04117500	00060	1		1963	1	94.0	31
USGS	04117500	00060	1		1963	2	87.5	28
USGS	04117500	00060	1		1963	3	454.9	31
USGS	04117500	00060	1		1963	4	182.7	30
USGS	04117500	00060	1		1963	5	180.6	31
USGS	04117500	00060	1		1963	6	100.7	30
USGS	04117500	00060	1		1963	7	56.4	31
USGS	04117500	00060	1		1963	8	54.3	31
USGS	04117500	00060	1		1963	9	54.4	30
USGS	04117500	00060	1		1963	10	54.5	31
USGS	04117500	00060	1		1963	11	73.6	30
USGS	04117500	00060	1		1963	12	75.2	31
USGS	04117500	00060	1		1964	1	90.4	31
USGS	04117500	00060	1		1964	2	87.8	29
USGS	04117500	00060	1		1964	3	129.1	31
USGS	04117500	00060	1		1964	4	193.8	30
USGS	04117500	00060	1		1964	5	232.8	31
USGS	04117500	00060	1		1964	6	87.0	30
USGS	04117500	00060	1		1964	7	56.0	31
USGS	04117500	00060	1		1964	8	54.3	31
USGS	04117500	00060	1		1964	9	55.5	30
USGS	04117500	00060	1		1964	10	63.9	31
USGS	04117500	00060	1		1964	11	81.7	30
USGS	04117500	00060	1		1964	12	131.7	31
USGS	04117500	00060	1		1965	1	163.4	31
USGS	04117500	00060	1		1965	2	632.4	28
USGS	04117500	00060	1		1965	3	687.5	31
USGS	04117500	00060	1		1965	4	830.7	30
USGS	04117500	00060	1		1965	5	136.8	31
USGS	04117500	00060	1		1965	6	117.7	30
USGS	04117500	00060	1		1965	7	63.2	31
USGS	04117500	00060	1		1965	8	68.3	31
USGS	04117500	00060	1		1965	9	126.2	30
USGS	04117500	00060	1		1965	10	114.8	31
USGS	04117500	00060	1		1965	11	129.9	30
USGS	04117500	00060	1		1965	12	385.9	31
USGS	04117500	00060	1		1966	1	329.3	31
USGS	04117500	00060	1		1966	2	349.6	28
USGS	04117500	00060	1		1966	3	619.4	31
USGS	04117500	00060	1		1966	4	380.5	30
USGS	04117500	00060	1		1966	5	432.4	31
USGS	04117500	00060	1		1966	6	176.0	30
USGS	04117500	00060	1		1966	7	98.2	31
USGS	04117500	00060	1		1966	8	93.2	31
USGS	04117500	00060	1		1966	9	70.7	30
USGS	04117500	00060	1		1966	10	76.6	31
USGS	04117500	00060	1		1966	11	195.2	30
USGS	04117500	00060	1		1966	12	476.7	31
USGS	04117500	00060	1		1967	1	247.7	31
USGS	04117500	00060	1		1967	2	320.6	28
USGS	04117500	00060	1		1967	3	803.5	31
USGS	04117500	00060	1		1967	4	697.4	30
USGS	04117500	00060	1		1967	5	268.8	31
USGS	04117500	00060	1		1967	6	272.9	30
USGS	04117500	00060	1		1967	7	152.7	31
USGS	04117500	00060	1		1967	8	93.0	31
USGS	04117500	00060	1		1967	9	94.2	30
USGS	04117500	00060	1		1967	10	138.5	31
USGS	04117500	00060	1		1967	11	303.4	30
USGS	04117500	00060	1		1967	12	553.3	31
USGS	04117500	00060	1		1968	1	255.1	31
USGS	04117500	00060	1		1968	2	807.2	29
USGS	04117500	00060	1		1968	3	300.3	31
USGS	04117500	00060	1		1968	4	457.8	30
USGS	04117500	00060	1		1968	5	215.3	31
USGS	04117500	00060	1		1968	6	300.2	30
USGS	04117500	00060	1		1968	7	410.2	31
USGS	04117500	00060	1		1968	8	177.2	31
USGS	04117500	00060	1		1968	9	166.5	30
USGS	04117500	00060	1		1968	10	136.1	31
USGS	04117500	00060	1		1968	11	215.2	30
USGS	04117500	00060	1		1968	12	383.0	31
USGS	04117500	00060	1		1969	1	588.6	31
USGS	04117500	00060	1		1969	2	549.9	28
USGS	04117500	00060	1		1969	3	327.7	31
USGS	04117500	00060	1		1969	4	754.8	30
USGS	04117500	00060	1		1969	5	628.7	31
USGS	04117500	00060	1		1969	6	458.0	30
USGS	04117500	00060	1		1969	7	234.2	31
USGS	04117500	00060	1		1969	8	137.1	31
USGS	04117500	00060	1		1969	9	79.3	30
USGS	04117500	00060	1		1969	10	150.4	31
USGS	04117500	00060	1		1969	11	220.4	30
USGS	04117500	00060	1		1969	12	184.2	31
USGS	04117500	00060	1		1970	1	148.6	31
USGS	04117500	00060	1		1970	2	196.3	28
USGS	04117500	00060	1		1970	3	406.1	31
USGS	04117500	00060	1		1970	4	906.6	30
USGS	04117500	00060	1		1970	5	358.8	31
USGS	04117500	00060	1		1970	6	300.1	30
USGS	04117500	00060	1		1970	7	236.2	31
USGS	04117500	00060	1		1970	8	133.3	31
USGS	04117500	00060	1		1970	9	143.5	30
USGS	04117500	00060	1		1970	10	278.2	31
USGS	04117500	00060	1		1970	11	349.1	30
USGS	04117500	00060	1		1970	12	365.5	31
USGS	04117500	00060	1		1971	1	198.8	31
USGS	04117500	00060	1		1971	2	694.6	28
USGS	04117500	00060	1		1971	3	894.2	31
USGS	04117500	00060	1		1971	4	361.8	30
USGS	04117500	00060	1		1971	5	181.2	31
USGS	04117500	00060	1		1971	6	178.2	30
USGS	04117500	00060	1		1971	7	149.5	31
USGS	04117500	00060	1		1971	8	94.5	31
USGS	04117500	00060	1		1971	9	155.2	30
USGS	04117500	00060	1		1971	10	204.0	31
USGS	04117500	00060	1		1971	11	157.0	30
USGS	04117500	00060	1		1971	12	529.1	31
USGS	04117500	00060	1		1972	1	464.8	31
USGS	04117500	00060	1		1972	2	202.1	29
USGS	04117500	00060	1		1972	3	916.4	31
USGS	04117500	00060	1		1972	4	970.1	30
USGS	04117500	00060	1		1972	5	421.5	31
USGS	04117500	00060	1		1972	6	189.1	30
USGS	04117500	00060	1		1972	7	207.6	31
USGS	04117500	00060	1		1972	8	270.6	31
USGS	04117500	00060	1		1972	9	277.5	30
USGS	04117500	00060	1		1972	10	292.3	31
USGS	04117500	00060	1		1972	11	528.8	30
USGS	04117500	00060	1		1972	12	524.5	31
USGS	04117500	00060	1		1973	1	1049	31
USGS	04117500	00060	1		1973	2	365.4	28
USGS	04117500	00060	1		1973	3	1005	31
USGS	04117500	00060	1		1973	4	767.9	30
USGS	04117500	00060	1		1973	5	473.6	31
USGS	04117500	00060	1		1973	6	499.3	30
USGS	04117500	00060	1		1973	7	296.0	31
USGS	04117500	00060	1		1973	8	128.9	31
USGS	04117500	00060	1		1973	9	110.2	30
USGS	04117500	00060	1		1973	10	188.9	31
USGS	04117500	00060	1		1973	11	314.0	30
USGS	04117500	00060	1		1973	12	506.3	31
USGS	04117500	00060	1		1974	1	1020	31
USGS	04117500	00060	1		1974	2	828.3	28
USGS	04117500	00060	1		1974	3	1281	31
USGS	04117500	00060	1		1974	4	911.6	30
USGS	04117500	00060	1		1974	5	523.9	31
USGS	04117500	00060	1		1974	6	271.9	30
USGS	04117500	00060	1		1974	7	129.2	31
USGS	04117500	00060	1		1974	8	115.8	31
USGS	04117500	00060	1		1974	9	119.1	30
USGS	04117500	00060	1		1974	10	147.1	31
USGS	04117500	00060	1		1974	11	238.3	30
USGS	04117500	00060	1		1974	12	238.8	31
USGS	04117500	00060	1		1975	1	492.1	31
USGS	04117500	00060	1		1975	2	505.4	28
USGS	04117500	00060	1		1975	3	691.4	31
USGS	04117500	00060	1		1975	4	1433	30
USGS	04117500	00060	1		1975	5	611.2	31
USGS	04117500	00060	1		1975	6	343.3	30
USGS	04117500	00060	1		1975	7	132.9	31
USGS	04117500	00060	1		1975	8	137.7	31
USGS	04117500	00060	1		1975	9	200.1	30
USGS	04117500	00060	1		1975	10	133.6	31
USGS	04117500	00060	1		1975	11	187.8	30
USGS	04117500	00060	1		1975	12	579.9	31
USGS	04117500	00060	1		1976	1	218.7	31
USGS	04117500	00060	1		1976	2	959.2	29
USGS	04117500	00060	1		1976	3	1010	31
USGS	04117500	00060	1		1976	4	523.5	30
USGS	04117500	00060	1		1976	5	540.9	31
USGS	04117500	00060	1		1976	6	190.6	30
USGS	04117500	00060	1		1976	7	190.6	31
USGS	04117500	00060	1		1976	8	101.9	31
USGS	04117500	00060	1		1976	9	90.4	30
USGS	04117500	00060	1		1976	10	120.7	31
USGS	04117500	00060	1		1976	11	136.8	30
USGS	04117500	00060	1		1976	12	129.7	31
USGS	04117500	00060	1		1977	1	120.9	31
USGS	04117500	00060	1		1977	2	173.4	28
USGS	04117500	00060	1		1977	3	524.9	31
USGS	04117500	00060	1		1977	4	439.7	30
USGS	04117500	00060	1		1977	5	158.5	31
USGS	04117500	00060	1		1977	6	112.1	30
USGS	04117500	00060	1		1977	7	86.8	31
USGS	04117500	00060	1		1977	8	85.7	31
USGS	04117500	00060	1		1977	9	148.0	30
USGS	04117500	00060	1		1977	10	136.4	31
USGS	04117500	00060	1		1977	11	144.7	30
USGS	04117500	00060	1		1977	12	337.0	31
USGS	04117500	00060	1		1978	1	175.1	31
USGS	04117500	00060	1		1978	2	156.5	28
USGS	04117500	00060	1		1978	3	635.5	31
USGS	04117500	00060	1		1978	4	776.8	30
USGS	04117500	00060	1		1978	5	305.2	31
USGS	04117500	00060	1		1978	6	192.4	30
USGS	04117500	00060	1		1978	7	164.1	31
USGS	04117500	00060	1		1978	8	97.1	31
USGS	04117500	00060	1		1978	9	239.3	30
USGS	04117500	00060	1		1978	10	169.6	31
USGS	04117500	00060	1		1978	11	201.0	30
USGS	04117500	00060	1		1978	12	262.6	31
USGS	04117500	00060	1		1979	1	278.9	31
USGS	04117500	00060	1		1979	2	192.9	28
USGS	04117500	00060	1		1979	3	1267	31
USGS	04117500	00060	1		1979	4	858.2	30
USGS	04117500	00060	1		1979	5	485.0	31
USGS	04117500	00060	1		1979	6	225.9	30
USGS	04117500	00060	1		1979	7	224.2	31
USGS	04117500	00060	1		1979	8	140.0	31
USGS	04117500	00060	1		1979	9	105.3	30
USGS	04117500	00060	1		1979	10	122.2	31
USGS	04117500	00060	1		1979	11	220.7	30
USGS	04117500	00060	1		1979	12	406.9	31
USGS	04117500	00060	1		1980	1	297.6	31
USGS	04117500	00060	1		1980	2	229.1	29
USGS	04117500	00060	1		1980	3	456.5	31
USGS	04117500	00060	1		1980	4	613.4	30
USGS	04117500	00060	1		1980	5	288.0	31
USGS	04117500	00060	1		1980	6	339.7	30
USGS	04117500	00060	1		1980	7	151.7	31
USGS	04117500	00060	1		1980	8	384.9	31
USGS	04117500	00060	1		1980	9	291.0	30
USGS	04117500	00060	1		1980	10	202.6	31
USGS	04117500	00060	1		1980	11	186.1	30
USGS	04117500	00060	1		1980	12	416.7	31
USGS	04117500	00060	1		1981	1	179.9	31
USGS	04117500	00060	1		1981	2	804.3	28
USGS	04117500	00060	1		1981	3	401.3	31
USGS	04117500	00060	1		1981	4	767.1	30
USGS	04117500	00060	1		1981	5	620.8	31
USGS	04117500	00060	1		1981	6	302.8	30
USGS	04117500	00060	1		1981	7	167.1	31
USGS	04117500	00060	1		1981	8	142.2	31
USGS	04117500	00060	1		1981	9	192.1	30
USGS	04117500	00060	1		1981	10	432.8	31
USGS	04117500	00060	1		1981	11	238.9	30
USGS	04117500	00060	1		1981	12	209.2	31
USGS	04117500	00060	1		1982	1	234.7	31
USGS	04117500	00060	1		1982	2	199.8	28
USGS	04117500	00060	1		1982	3	1324	31
USGS	04117500	00060	1		1982	4	671.5	30
USGS	04117500	00060	1		1982	5	249.3	31
USGS	04117500	00060	1		1982	6	335.6	30
USGS	04117500	00060	1		1982	7	280.6	31
USGS	04117500	00060	1		1982	8	128.6	31
USGS	04117500	00060	1		1982	9	121.2	30
USGS	04117500	00060	1		1982	10	115.2	31
USGS	04117500	00060	1		1982	11	249.2	30
USGS	04117500	00060	1		1982	12	629.7	31
USGS	04117500	00060	1		1983	1	294.9	31
USGS	04117500	00060	1		1983	2	364.0	28
USGS	04117500	00060	1		1983	3	505.7	31
USGS	04117500	00060	1		1983	4	1139	30
USGS	04117500	00060	1		1983	5	802.5	31
USGS	04117500	00060	1		1983	6	262.6	30
USGS	04117500	00060	1		1983	7	139.8	31
USGS	04117500	00060	1		1983	8	123.6	31
USGS	04117500	00060	1		1983	9	176.5	30
USGS	04117500	00060	1		1983	10	165.1	31
USGS	04117500	00060	1		1983	11	256.3	30
USGS	04117500	00060	1		1983	12	373.8	31
USGS	04117500	00060	1		1984	1	199.6	31
USGS	04117500	00060	1		1984	2	546.2	29
USGS	04117500	00060	1		1984	3	477.2	31
USGS	04117500	00060	1		1984	4	448.4	30
USGS	04117500	00060	1		1984	5	338.3	31
USGS	04117500	00060	1		1984	6	213.1	30
USGS	04117500	00060	1		1984	7	103.6	31
USGS	04117500	00060	1		1984	8	69.9	31
USGS	04117500	00060	1		1984	9	107.8	30
USGS	04117500	00060	1		1984	10	161.3	31
USGS	04117500	00060	1		1984	11	232.4	30
USGS	04117500	00060	1		1984	12	347.6	31
USGS	04117500	00060	1		1985	1	558.6	31
USGS	04117500	00060	1		1985	2	851.4	28
USGS	04117500	00060	1		1985	3	1470	31
USGS	04117500	00060	1		1985	4	1104	30
USGS	04117500	00060	1		1985	5	230.5	31
USGS	04117500	00060	1		1985	6	153.2	30
USGS	04117500	00060	1		1985	7	122.4	31
USGS	04117500	00060	1		1985	8	155.8	31
USGS	04117500	00060	1		1985	9	137.3	30
USGS	04117500	00060	1		1985	10	242.2	31
USGS	04117500	00060	1		1985	11	519.2	30
USGS	04117500	00060	1		1985	12	385.7	31
USGS	04117500	00060	1		1986	1	320.3	31
USGS	04117500	00060	1		1986	2	527.0	28
USGS	04117500	00060	1		1986	3	1126	31
USGS	04117500	00060	1		1986	4	365.4	30
USGS	04117500	00060	1		1986	5	303.7	31
USGS	04117500	00060	1		1986	6	857.4	30
USGS	04117500	00060	1		1986	7	334.9	31
USGS	04117500	00060	1		1986	8	172.5	31
USGS	04117500	00060	1		1986	9	295.9	30
USGS	04117500	00060	1		1986	10	1072	31
USGS	04117500	00060	1		1986	11	292.4	30
USGS	04117500	00060	1		1986	12	397.6	31
USGS	04117500	00060	1		1987	1	269.1	31
USGS	04117500	00060	1		1987	2	233.0	28
USGS	04117500	00060	1		1987	3	362.0	31
USGS	04117500	00060	1		1987	4	277.5	30
USGS	04117500	00060	1		1987	5	156.4	31
USGS	04117500	00060	1		1987	6	115.0	30
USGS	04117500	00060	1		1987	7	103.0	31
USGS	04117500	00060	1		1987	8	131.1	31
USGS	04117500	00060	1		1987	9	207.4	30
USGS	04117500	00060	1		1987	10	192.5	31
USGS	04117500	00060	1		1987	11	232.0	30
USGS	04117500	00060	1		1987	12	704.3	31
USGS	04117500	00060	1		1988	1	450.8	31
USGS	04117500	00060	1		1988	2	499.0	29
USGS	04117500	00060	1		1988	3	446.5	31
USGS	04117500	00060	1		1988	4	678.3	30
USGS	04117500	00060	1		1988	5	205.4	31
USGS	04117500	00060	1		1988	6	93.3	30
USGS	04117500	00060	1		1988	7	73.9	31
USGS	04117500	00060	1		1988	8	88.2	31
USGS	04117500	00060	1		1988	9	286.9	30
USGS	04117500	00060	1		1988	10	302.3	31
USGS	04117500	00060	1		1988	11	917.4	30
USGS	04117500	00060	1		1988	12	324.0	31
USGS	04117500	00060	1		1989	1	385.6	31
USGS	04117500	00060	1		1989	2	251.8	28
USGS	04117500	00060	1		1989	3	553.5	31
USGS	04117500	00060	1		1989	4	505.1	30
USGS	04117500	00060	1		1989	5	224.5	31
USGS	04117500	00060	1		1989	6	1011	30
USGS	04117500	00060	1		1989	7	160.2	31
USGS	04117500	00060	1		1989	8	197.7	31
USGS	04117500	00060	1		1989	9	282.3	30
USGS	04117500	00060	1		1989	10	156.7	31
USGS	04117500	00060	1		1989	11	350.6	30
USGS	04117500	00060	1		1989	12	214.5	31
USGS	04117500	00060	1		1990	1	511.8	31
USGS	04117500	00060	1		1990	2	443.4	28
USGS	04117500	00060	1		1990	3	874.8	31
USGS	04117500	00060	1		1990	4	468.1	30
USGS	04117500	00060	1		1990	5	416.3	31
USGS	04117500	00060	1		1990	6	184.1	30
USGS	04117500	00060	1		1990	7	180.4	31
USGS	04117500	00060	1		1990	8	181.4	31
USGS	04117500	00060	1		1990	9	174.4	30
USGS	04117500	00060	1		1990	10	601.2	31
USGS	04117500	00060	1		1990	11	939.3	30
USGS	04117500	00060	1		1990	12	894.5	31
USGS	04117500	00060	1		1991	1	583.6	31
USGS	04117500	00060	1		1991	2	514.5	28
USGS	04117500	00060	1		1991	3	830.7	31
USGS	04117500	00060	1		1991	4	1074	30
USGS	04117500	00060	1		1991	5	363.2	31
USGS	04117500	00060	1		1991	6	186.8	30
USGS	04117500	00060	1		1991	7	145.4	31
USGS	04117500	00060	1		1991	8	141.2	31
USGS	04117500	00060	1		1991	9	114.9	30
USGS	04117500	00060	1		1991	10	217.9	31
USGS	04117500	00060	1		1991	11	296.5	30
USGS	04117500	00060	1		1991	12	633.5	31
USGS	04117500	00060	1		1992	1	443.4	31
USGS	04117500	00060	1		1992	2	416.9	29
USGS	04117500	00060	1		1992	3	563.6	31
USGS	04117500	00060	1		1992	4	657.1	30
USGS	04117500	00060	1		1992	5	338.0	31
USGS	04117500	00060	1		1992	6	196.6	30
USGS	04117500	00060	1		1992	7	234.3	31
USGS	04117500	00060	1		1992	8	203.8	31
USGS	04117500	00060	1		1992	9	357.5	30
USGS	04117500	00060	1		1992	10	321.4	31
USGS	04117500	00060	1		1992	11	748.5	30
USGS	04117500	00060	1		1992	12	385.7	31
USGS	04117500	00060	1		1993	1	898.1	31
USGS	04117500	00060	1		1993	2	298.9	28
USGS	04117500	00060	1		1993	3	743.1	31
USGS	04117500	00060	1		1993	4	1232	30
USGS	04117500	00060	1		1993	5	374.6	31
USGS	04117500	00060	1		1993	6	533.6	30
USGS	04117500	00060	1		1993	7	322.3	31
USGS	04117500	00060	1		1993	8	220.1	31
USGS	04117500	00060	1		1993	9	332.7	30
USGS	04117500	00060	1		1993	10	573.3	31
USGS	04117500	00060	1		1993	11	298.7	30
USGS	04117500	00060	1		1993	12	270.5	31
USGS	04117500	00060	1		1994	1	190.5	31
USGS	04117500	00060	1		1994	2	600.8	28
USGS	04117500	00060	1		1994	3	652.7	31
USGS	04117500	00060	1		1994	4	392.0	30
USGS	04117500	00060	1		1994	5	328.1	31
USGS	04117500	00060	1		1994	6	370.5	30
USGS	04117500	00060	1		1994	7	332.5	31
USGS	04117500	00060	1		1994	8	337.0	31
USGS	04117500	00060	1		1994	9	144.7	30
USGS	04117500	00060	1		1994	10	195.1	31
USGS	04117500	00060	1		1994	11	691.2	30
USGS	04117500	00060	1		1994	12	479.1	31
USGS	04117500	00060	1		1995	1	455.5	31
USGS	04117500	00060	1		1995	2	277.2	28
USGS	04117500	00060	1		1995	3	604.7	31
USGS	04117500	00060	1		1995	4	448.0	30
USGS	04117500	00060	1		1995	5	404.2	31
USGS	04117500	00060	1		1995	6	180.5	30
USGS	04117500	00060	1		1995	7	152.5	31
USGS	04117500	00060	1		1995	8	207.4	31
USGS	04117500	00060	1		1995	9	112.5	30
USGS	04117500	00060	1		1995	10	131.1	31
USGS	04117500	00060	1		1995	11	326.1	30
USGS	04117500	00060	1		1995	12	225.8	31
USGS	04117500	00060	1		1996	1	250.2	31
USGS	04117500	00060	1		1996	2	247.6	29
USGS	04117500	00060	1		1996	3	303.4	31
USGS	04117500	00060	1		1996	4	402.8	30
USGS	04117500	00060	1		1996	5	497.1	31
USGS	04117500	00060	1		1996	6	718.7	30
USGS	04117500	00060	1		1996	7	143.1	31
USGS	04117500	00060	1		1996	8	110.9	31
USGS	04117500	00060	1		1996	9	108.3	30
USGS	04117500	00060	1		1996	10	139.2	31
USGS	04117500	00060	1		1996	11	180.1	30
USGS	04117500	00060	1		1996	12	290.8	31
USGS	04117500	00060	1		1997	1	453.5	31
USGS	04117500	00060	1		1997	2	892.6	28
USGS	04117500	00060	1		1997	3	745.4	31
USGS	04117500	00060	1		1997	4	421.7	30
USGS	04117500	00060	1		1997	5	279.3	31
USGS	04117500	00060	1		1997	6	250.2	30
USGS	04117500	00060	1		1997	7	150.7	31
USGS	04117500	00060	1		1997	8	106.5	31
USGS	04117500	00060	1		1997	9	130.7	30
USGS	04117500	00060	1		1997	10	120.9	31
USGS	04117500	00060	1		1997	11	159.4	30
USGS	04117500	00060	1		1997	12	172.0	31
USGS	04117500	00060	1		1998	1	402.3	31
USGS	04117500	00060	1		1998	2	710.0	28
USGS	04117500	00060	1		1998	3	825.6	31
USGS	04117500	00060	1		1998	4	653.9	30
USGS	04117500	00060	1		1998	5	427.6	31
USGS	04117500	00060	1		1998	6	153.2	30
USGS	04117500	00060	1		1998	7	192.0	31
USGS	04117500	00060	1		1998	8	132.1	31
USGS	04117500	00060	1		1998	9	95.5	30
USGS	04117500	00060	1		1998	10	112.5	31
USGS	04117500	00060	1		1998	11	136.3	30
USGS	04117500	00060	1		1998	12	136.0	31
USGS	04117500	00060	1		1999	1	329.9	31
USGS	04117500	00060	1		1999	2	286.3	28
USGS	04117500	00060	1		1999	3	282.9	31
USGS	04117500	00060	1		1999	4	733.0	30
USGS	04117500	00060	1		1999	5	276.8	31
USGS	04117500	00060	1		1999	6	133.0	30
USGS	04117500	00060	1		1999	7	153.4	31
USGS	04117500	00060	1		1999	8	86.5	31
USGS	04117500	00060	1		1999	9	68.6	30
USGS	04117500	00060	1		1999	10	93.0	31
USGS	04117500	00060	1		1999	11	108.4	30
USGS	04117500	00060	1		1999	12	148.9	31
USGS	04117500	00060	1		2000	1	135.7	31
USGS	04117500	00060	1		2000	2	168.9	29
USGS	04117500	00060	1		2000	3	202.9	31
USGS	04117500	00060	1		2000	4	375.6	30
USGS	04117500	00060	1		2000	5	760.8	31
USGS	04117500	00060	1		2000	6	293.1	30
USGS	04117500	00060	1		2000	7	168.2	31
USGS	04117500	00060	1		2000	8	147.8	31
USGS	04117500	00060	1		2000	9	282.1	30
USGS	04117500	00060	1		2000	10	208.3	31
USGS	04117500	00060	1		2000	11	337.0	30
USGS	04117500	00060	1		2000	12	271.0	31
USGS	04117500	00060	1		2001	1	276.9	31
USGS	04117500	00060	1		2001	2	1140	28
USGS	04117500	00060	1		2001	3	586.3	31
USGS	04117500	00060	1		2001	4	399.6	30
USGS	04117500	00060	1		2001	5	668.4	31
USGS	04117500	00060	1		2001	6	405.0	30
USGS	04117500	00060	1		2001	7	136.0	31
USGS	04117500	00060	1		2001	8	136.1	31
USGS	04117500	00060	1		2001	9	157.0	30
USGS	04117500	00060	1		2001	10	481.8	31
USGS	04117500	00060	1		2001	11	364.3	30
USGS	04117500	00060	1		2001	12	477.8	31
USGS	04117500	00060	1		2002	1	340.5	31
USGS	04117500	00060	1		2002	2	520.5	28
USGS	04117500	00060	1		2002	3	696.7	31
USGS	04117500	00060	1		2002	4	445.8	30
USGS	04117500	00060	1		2002	5	509.8	31
USGS	04117500	00060	1		2002	6	194.2	30
USGS	04117500	00060	1		2002	7	118.8	31
USGS	04117500	00060	1		2002	8	119.8	31
USGS	04117500	00060	1		2002	9	83.3	30
USGS	04117500	00060	1		2002	10	99.7	31
USGS	04117500	00060	1		2002	11	125.1	30
USGS	04117500	00060	1		2002	12	139.0	31
USGS	04117500	00060	1		2003	1	131.7	31
USGS	04117500	00060	1		2003	2	114.5	28
USGS	04117500	00060	1		2003	3	298.9	31
USGS	04117500	00060	1		2003	4	504.8	30
USGS	04117500	00060	1		2003	5	420.9	31
USGS	04117500	00060	1		2003	6	159.0	30
USGS	04117500	00060	1		2003	7	96.0	31
USGS	04117500	00060	1		2003	8	101.7	31
USGS	04117500	00060	1		2003	9	84.2	30
USGS	04117500	00060	1		2003	10	102.5	31
USGS	04117500	00060	1		2003	11	392.8	30
USGS	04117500	00060	1		2003	12	249.7	31
USGS	04117500	00060	1		2004	1	215.2	31
USGS	04117500	00060	1		2004	2	181.8	29
USGS	04117500	00060	1		2004	3	829.9	31
USGS	04117500	00060	1		2004	4	253.9	30
USGS	04117500	00060	1		2004	5	1425	31
USGS	04117500	00060	1		2004	6	521.5	30
USGS	04117500	00060	1		2004	7	217.7	31
USGS	04117500	00060	1		2004	8	192.5	31
USGS	04117500	00060	1		2004	9	156.4	30
USGS	04117500	00060	1		2004	10	125.8	31
USGS	04117500	00060	1		2004	11	249.6	30
USGS	04117500	00060	1		2004	12	521.2	31
USGS	04117500	00060	1		2005	1	896.0	31
USGS	04117500	00060	1		2005	2	629.6	28
USGS	04117500	00060	1		2005	3	620.7	31
USGS	04117500	00060	1		2005	4	332.9	30
USGS	04117500	00060	1		2005	5	209.6	31
USGS	04117500	00060	1		2005	6	208.8	30
USGS	04117500	00060	1		2005	7	130.4	31
USGS	04117500	00060	1		2005	8	90.1	31
USGS	04117500	00060	1		2005	9	72.3	30
USGS	04117500	00060	1		2005	10	81.8	31
USGS	04117500	00060	1		2005	11	126.7	30
USGS	04117500	00060	1		2005	12	153.0	31
USGS	04117500	00060	1		2006	1	435.2	31
USGS	04117500	00060	1		2006	2	496.5	28
USGS	04117500	00060	1		2006	3	674.1	31
USGS	04117500	00060	1		2006	4	371.9	30
USGS	04117500	00060	1		2006	5	517.4	31
USGS	04117500	00060	1		2006	6	149.3	30
USGS	04117500	00060	1		2006	7	109.7	31
USGS	04117500	00060	1		2006	8	102.4	31
USGS	04117500	00060	1		2006	9	121.2	30
USGS	04117500	00060	1		2006	10	213.6	31
USGS	04117500	00060	1		2006	11	275.6	30
USGS	04117500	00060	1		2006	12	639.5	31
USGS	04117500	00060	1		2007	1	549.0	31
USGS	04117500	00060	1		2007	2	230.9	28
USGS	04117500	00060	1		2007	3	863.2	31
USGS	04117500	00060	1		2007	4	564.7	30
USGS	04117500	00060	1		2007	5	440.8	31
USGS	04117500	00060	1		2007	6	205.1	30
USGS	04117500	00060	1		2007	7	89.9	31
USGS	04117500	00060	1		2007	8	142.0	31
USGS	04117500	00060	1		2007	9	116.2	30
USGS	04117500	00060	1		2007	10	155.1	31
USGS	04117500	00060	1		2007	11	180.0	30
USGS	04117500	00060	1		2007	12	271.3	31
USGS	04117500	00060	1		2008	1	603.9	31
USGS	04117500	00060	1		2008	2	659.2	29
USGS	04117500	00060	1		2008	3	675.0	31
USGS	04117500	00060	1		2008	4	809.0	30
USGS	04117500	00060	1		2008	5	236.3	31
USGS	04117500	00060	1		2008	6	849.7	30
USGS	04117500	00060	1		2008	7	390.9	31
USGS	04117500	00060	1		2008	8	103.8	31
USGS	04117500	00060	1		2008	9	596.2	30
USGS	04117500	00060	1		2008	10	278.3	31
USGS	04117500	00060	1		2008	11	240.7	30
USGS	04117500	00060	1		2008	12	669.6	31
USGS	04117500	00060	1		2009	1	523.6	31
USGS	04117500	00060	1		2009	2	826.6	28
USGS	04117500	00060	1		2009	3	948.7	31
USGS	04117500	00060	1		2009	4	886.4	30
USGS	04117500	00060	1		2009	5	744.4	31
USGS	04117500	00060	1		2009	6	467.4	30
USGS	04117500	00060	1		2009	7	183.0	31
USGS	04117500	00060	1		2009	8	206.3	31
USGS	04117500	00060	1		2009	9	152.3	30
USGS	04117500	00060	1		2009	10	213.2	31
USGS	04117500	00060	1		2009	11	298.2	30
USGS	04117500	00060	1		2009	12	305.1	31
USGS	04117500	00060	1		2010	1	280.3	31
USGS	04117500	00060	1		2010	2	216.1	28
USGS	04117500	00060	1		2010	3	718.3	31
USGS	04117500	00060	1		2010	4	483.1	30
USGS	04117500	00060	1		2010	5	552.5	31
USGS	04117500	00060	1		2010	6	696.7	30
USGS	04117500	00060	1		2010	7	197.0	31
USGS	04117500	00060	1		2010	8	130.2	31
USGS	04117500	00060	1		2010	9	140.6	30
USGS	04117500	00060	1		2010	10	134.2	31
USGS	04117500	00060	1		2010	11	162.0	30
USGS	04117500	00060	1		2010	12	173.0	31
USGS	04117500	00060	1		2011	1	201.2	31
USGS	04117500	00060	1		2011	2	276.6	28
USGS	04117500	00060	1		2011	3	782.7	31
USGS	04117500	00060	1		2011	4	774.2	30
USGS	04117500	00060	1		2011	5	1056	31
USGS	04117500	00060	1		2011	6	526.2	30
USGS	04117500	00060	1		2011	7	339.4	31
USGS	04117500	00060	1		2011	8	673.7	31
USGS	04117500	00060	1		2011	9	168.3	30
USGS	04117500	00060	1		2011	10	286.6	31
USGS	04117500	00060	1		2011	11	268.5	30
USGS	04117500	00060	1		2011	12	612.2	31
USGS	04117500	00060	1		2012	1	477.1	31
USGS	04117500	00060	1		2012	2	444.4	29
USGS	04117500	00060	1		2012	3	712.3	31
USGS	04117500	00060	1		2012	4	372.7	30
USGS	04117500	00060	1		2012	5	399.8	31
USGS	04117500	00060	1		2012	6	164.9	30
USGS	04117500	00060	1		2012	7	91.5	31
USGS	04117500	00060	1		2012	8	108.3	31
USGS	04117500	00060	1		2012	9	87.2	30
USGS	04117500	00060	1		2012	10	165.9	31
USGS	04117500	00060	1		2012	11	140.4	30
USGS	04117500	00060	1		2012	12	183.8	31
USGS	04117500	00060	1		2013	1	252.7	31
USGS	04117500	00060	1		2013	2	469.9	28
USGS	04117500	00060	1		2013	3	459.1	31
USGS	04117500	00060	1		2013	4	1454	30
USGS	04117500	00060	1		2013	5	418.8	31
USGS	04117500	00060	1		2013	6	713.2	30
USGS	04117500	00060	1		2013	7	185.2	31
USGS	04117500	00060	1		2013	8	151.7	31
USGS	04117500	00060	1		2013	9	132.5	30
USGS	04117500	00060	1		2013	10	183.8	31
USGS	04117500	00060	1		2013	11	375.3	30
USGS	04117500	00060	1		2013	12	253.4	31
USGS	04117500	00060	1		2014	1	355.8	31
USGS	04117500	00060	1		2014	2	255.7	28
USGS	04117500	00060	1		2014	3	883.6	31
USGS	04117500	00060	1		2014	4	688.2	30
USGS	04117500	00060	1		2014	5	453.0	31
USGS	04117500	00060	1		2014	6	333.6	30
