#
#
# US Geological Survey, Water Resources Data
# retrieved: 2014-11-20 16:24:55 EST	(natwebcaas01)
#
# This file contains USGS Monthly Statistics
#
# Note:The statistics generated are based on approved daily-mean data and may not match those published by the USGS in official publications.
# The user is responsible for assessment and use of statistics from this site.
# For more details on why the statistics may not match, visit http://help.waterdata.usgs.gov/faq/about-statistics.
#
# Data heading explanations.
# agency_cd       -- agency code
# site_no         -- Site identification number
# parameter_cd    -- Parameter code
# station_nm      -- Site name
# loc_web_ds      -- Additional measurement description
#
# Data for the following 1 site(s) are contained in this file
# agency_cd   site_no      parameter_cd   station_nm (loc_web_ds)
# USGS        04115000     00060          MAPLE RIVER AT MAPLE RAPIDS, MI
#
# Explanation of Parameter Codes
# parameter_cd	Parameter Name
# 00060         Discharge, cubic feet per second
#
# Data heading explanations.
# year_nu     ... Calendar year for value.
# month_nu    ... Month for value.
# mean_va     ... Mean of daily mean values for this month.
# count_nu    ... Number of values used in the calculation.
#
agency_cd	site_no	parameter_cd	dd_nu	loc_web_ds	year_nu	month_nu	mean_va	count_nu
# 5s	15s	5s	3n	15s	4s	2s	12n	8n
USGS	04115000	00060	1		1944	8	14.0	31
USGS	04115000	00060	1		1944	9	17.7	30
USGS	04115000	00060	1		1944	10	23.4	31
USGS	04115000	00060	1		1944	11	23.6	30
USGS	04115000	00060	1		1944	12	24.5	31
USGS	04115000	00060	1		1945	1	21.6	31
USGS	04115000	00060	1		1945	2	29.3	28
USGS	04115000	00060	1		1945	3	187.4	31
USGS	04115000	00060	1		1945	4	139.4	30
USGS	04115000	00060	1		1945	5	643.6	31
USGS	04115000	00060	1		1945	6	424.2	30
USGS	04115000	00060	1		1945	7	95.1	31
USGS	04115000	00060	1		1945	8	48.5	31
USGS	04115000	00060	1		1945	9	119.2	30
USGS	04115000	00060	1		1945	10	487.8	31
USGS	04115000	00060	1		1945	11	227.4	30
USGS	04115000	00060	1		1945	12	134.1	31
USGS	04115000	00060	1		1946	1	570.1	31
USGS	04115000	00060	1		1946	2	122.0	28
USGS	04115000	00060	1		1946	3	1160	31
USGS	04115000	00060	1		1946	4	162.9	30
USGS	04115000	00060	1		1946	5	90.6	31
USGS	04115000	00060	1		1946	6	87.4	30
USGS	04115000	00060	1		1946	7	41.4	31
USGS	04115000	00060	1		1946	8	21.7	31
USGS	04115000	00060	1		1946	9	19.2	30
USGS	04115000	00060	1		1946	10	16.0	31
USGS	04115000	00060	1		1946	11	33.5	30
USGS	04115000	00060	1		1946	12	58.1	31
USGS	04115000	00060	1		1947	1	180.0	31
USGS	04115000	00060	1		1947	2	130.7	28
USGS	04115000	00060	1		1947	3	503.7	31
USGS	04115000	00060	1		1947	4	1582	30
USGS	04115000	00060	1		1947	5	565.1	31
USGS	04115000	00060	1		1947	6	627.5	30
USGS	04115000	00060	1		1947	7	76.4	31
USGS	04115000	00060	1		1947	8	33.5	31
USGS	04115000	00060	1		1947	9	118.4	30
USGS	04115000	00060	1		1947	10	63.2	31
USGS	04115000	00060	1		1947	11	104.1	30
USGS	04115000	00060	1		1947	12	341.6	31
USGS	04115000	00060	1		1948	1	96.3	31
USGS	04115000	00060	1		1948	2	222.6	29
USGS	04115000	00060	1		1948	3	1668	31
USGS	04115000	00060	1		1948	4	702.5	30
USGS	04115000	00060	1		1948	5	600.5	31
USGS	04115000	00060	1		1948	6	103.3	30
USGS	04115000	00060	1		1948	7	61.5	31
USGS	04115000	00060	1		1948	8	37.9	31
USGS	04115000	00060	1		1948	9	21.2	30
USGS	04115000	00060	1		1948	10	18.6	31
USGS	04115000	00060	1		1948	11	36.5	30
USGS	04115000	00060	1		1948	12	42.3	31
USGS	04115000	00060	1		1949	1	170.3	31
USGS	04115000	00060	1		1949	2	576.9	28
USGS	04115000	00060	1		1949	3	286.7	31
USGS	04115000	00060	1		1949	4	382.3	30
USGS	04115000	00060	1		1949	5	110.8	31
USGS	04115000	00060	1		1949	6	72.0	30
USGS	04115000	00060	1		1949	7	111.3	31
USGS	04115000	00060	1		1949	8	29.9	31
USGS	04115000	00060	1		1949	9	20.8	30
USGS	04115000	00060	1		1949	10	23.6	31
USGS	04115000	00060	1		1949	11	29.8	30
USGS	04115000	00060	1		1949	12	142.5	31
USGS	04115000	00060	1		1950	1	603.0	31
USGS	04115000	00060	1		1950	2	364.4	28
USGS	04115000	00060	1		1950	3	1120	31
USGS	04115000	00060	1		1950	4	1072	30
USGS	04115000	00060	1		1950	5	274.8	31
USGS	04115000	00060	1		1950	6	206.1	30
USGS	04115000	00060	1		1950	7	195.2	31
USGS	04115000	00060	1		1950	8	163.6	31
USGS	04115000	00060	1		1950	9	573.9	30
USGS	04115000	00060	1		1950	10	150.9	31
USGS	04115000	00060	1		1950	11	151.0	30
USGS	04115000	00060	1		1950	12	515.8	31
USGS	04115000	00060	1		1951	1	466.5	31
USGS	04115000	00060	1		1951	2	726.6	28
USGS	04115000	00060	1		1951	3	672.2	31
USGS	04115000	00060	1		1951	4	657.8	30
USGS	04115000	00060	1		1951	5	308.1	31
USGS	04115000	00060	1		1951	6	175.3	30
USGS	04115000	00060	1		1951	7	52.8	31
USGS	04115000	00060	1		1951	8	48.7	31
USGS	04115000	00060	1		1951	9	107.8	30
USGS	04115000	00060	1		1951	10	243.0	31
USGS	04115000	00060	1		1951	11	571.0	30
USGS	04115000	00060	1		1951	12	328.8	31
USGS	04115000	00060	1		1952	1	795.5	31
USGS	04115000	00060	1		1952	2	492.6	29
USGS	04115000	00060	1		1952	3	769.0	31
USGS	04115000	00060	1		1952	4	809.6	30
USGS	04115000	00060	1		1952	5	170.7	31
USGS	04115000	00060	1		1952	6	106.9	30
USGS	04115000	00060	1		1952	7	37.0	31
USGS	04115000	00060	1		1952	8	55.1	31
USGS	04115000	00060	1		1952	9	36.9	30
USGS	04115000	00060	1		1952	10	25.7	31
USGS	04115000	00060	1		1952	11	78.1	30
USGS	04115000	00060	1		1952	12	194.3	31
USGS	04115000	00060	1		1953	1	173.5	31
USGS	04115000	00060	1		1953	2	187.7	28
USGS	04115000	00060	1		1953	3	466.4	31
USGS	04115000	00060	1		1953	4	230.8	30
USGS	04115000	00060	1		1953	5	316.2	31
USGS	04115000	00060	1		1953	6	65.0	30
USGS	04115000	00060	1		1953	7	33.0	31
USGS	04115000	00060	1		1953	8	29.6	31
USGS	04115000	00060	1		1953	9	15.4	30
USGS	04115000	00060	1		1953	10	15.8	31
USGS	04115000	00060	1		1953	11	23.8	30
USGS	04115000	00060	1		1953	12	34.3	31
USGS	04115000	00060	1		1954	1	26.5	31
USGS	04115000	00060	1		1954	2	325.5	28
USGS	04115000	00060	1		1954	3	426.4	31
USGS	04115000	00060	1		1954	4	392.8	30
USGS	04115000	00060	1		1954	5	287.3	31
USGS	04115000	00060	1		1954	6	123.6	30
USGS	04115000	00060	1		1954	7	48.6	31
USGS	04115000	00060	1		1954	8	18.3	31
USGS	04115000	00060	1		1954	9	16.1	30
USGS	04115000	00060	1		1954	10	106.8	31
USGS	04115000	00060	1		1954	11	97.7	30
USGS	04115000	00060	1		1954	12	161.2	31
USGS	04115000	00060	1		1955	1	372.2	31
USGS	04115000	00060	1		1955	2	262.2	28
USGS	04115000	00060	1		1955	3	784.2	31
USGS	04115000	00060	1		1955	4	370.6	30
USGS	04115000	00060	1		1955	5	175.0	31
USGS	04115000	00060	1		1955	6	140.2	30
USGS	04115000	00060	1		1955	7	29.2	31
USGS	04115000	00060	1		1955	8	28.0	31
USGS	04115000	00060	1		1955	9	22.3	30
USGS	04115000	00060	1		1955	10	34.2	31
USGS	04115000	00060	1		1955	11	81.9	30
USGS	04115000	00060	1		1955	12	97.8	31
USGS	04115000	00060	1		1956	1	38.9	31
USGS	04115000	00060	1		1956	2	39.1	29
USGS	04115000	00060	1		1956	3	1015	31
USGS	04115000	00060	1		1956	4	615.3	30
USGS	04115000	00060	1		1956	5	1812	31
USGS	04115000	00060	1		1956	6	248.4	30
USGS	04115000	00060	1		1956	7	92.3	31
USGS	04115000	00060	1		1956	8	200.9	31
USGS	04115000	00060	1		1956	9	69.2	30
USGS	04115000	00060	1		1956	10	33.2	31
USGS	04115000	00060	1		1956	11	40.7	30
USGS	04115000	00060	1		1956	12	54.2	31
USGS	04115000	00060	1		1957	1	61.3	31
USGS	04115000	00060	1		1957	2	217.5	28
USGS	04115000	00060	1		1957	3	376.3	31
USGS	04115000	00060	1		1957	4	343.9	30
USGS	04115000	00060	1		1957	5	543.2	31
USGS	04115000	00060	1		1957	6	203.5	30
USGS	04115000	00060	1		1957	7	551.5	31
USGS	04115000	00060	1		1957	8	105.5	31
USGS	04115000	00060	1		1957	9	43.4	30
USGS	04115000	00060	1		1957	10	63.7	31
USGS	04115000	00060	1		1957	11	282.8	30
USGS	04115000	00060	1		1957	12	263.0	31
USGS	04115000	00060	1		1958	1	171.5	31
USGS	04115000	00060	1		1958	2	109.0	28
USGS	04115000	00060	1		1958	3	598.8	31
USGS	04115000	00060	1		1958	4	158.7	30
USGS	04115000	00060	1		1958	5	85.6	31
USGS	04115000	00060	1		1958	6	64.2	30
USGS	04115000	00060	1		1958	7	55.2	31
USGS	04115000	00060	1		1958	8	26.2	31
USGS	04115000	00060	1		1958	9	25.6	30
USGS	04115000	00060	1		1958	10	31.6	31
USGS	04115000	00060	1		1958	11	48.5	30
USGS	04115000	00060	1		1958	12	32.2	31
USGS	04115000	00060	1		1959	1	25.0	31
USGS	04115000	00060	1		1959	2	35.0	28
USGS	04115000	00060	1		1959	3	1057	31
USGS	04115000	00060	1		1959	4	861.8	30
USGS	04115000	00060	1		1959	5	215.8	31
USGS	04115000	00060	1		1959	6	48.6	30
USGS	04115000	00060	1		1959	7	19.6	31
USGS	04115000	00060	1		1959	8	20.4	31
USGS	04115000	00060	1		1959	9	18.2	30
USGS	04115000	00060	1		1959	10	64.3	31
USGS	04115000	00060	1		1959	11	207.3	30
USGS	04115000	00060	1		1959	12	294.0	31
USGS	04115000	00060	1		1960	1	445.3	31
USGS	04115000	00060	1		1960	2	289.9	29
USGS	04115000	00060	1		1960	3	399.3	31
USGS	04115000	00060	1		1960	4	1220	30
USGS	04115000	00060	1		1960	5	334.1	31
USGS	04115000	00060	1		1960	6	142.4	30
USGS	04115000	00060	1		1960	7	62.9	31
USGS	04115000	00060	1		1960	8	46.9	31
USGS	04115000	00060	1		1960	9	27.8	30
USGS	04115000	00060	1		1960	10	24.0	31
USGS	04115000	00060	1		1960	11	40.3	30
USGS	04115000	00060	1		1960	12	28.6	31
USGS	04115000	00060	1		1961	1	27.2	31
USGS	04115000	00060	1		1961	2	63.4	28
USGS	04115000	00060	1		1961	3	325.5	31
USGS	04115000	00060	1		1961	4	442.8	30
USGS	04115000	00060	1		1961	5	302.3	31
USGS	04115000	00060	1		1961	6	86.1	30
USGS	04115000	00060	1		1961	7	44.1	31
USGS	04115000	00060	1		1961	8	62.5	31
USGS	04115000	00060	1		1961	9	51.7	30
USGS	04115000	00060	1		1961	10	50.1	31
USGS	04115000	00060	1		1961	11	90.4	30
USGS	04115000	00060	1		1961	12	97.4	31
USGS	04115000	00060	1		1962	1	52.5	31
USGS	04115000	00060	1		1962	2	68.8	28
USGS	04115000	00060	1		1962	3	1219	31
USGS	04115000	00060	1		1962	4	341.7	30
USGS	04115000	00060	1		1962	5	413.4	31
USGS	04115000	00060	1		1962	6	86.5	30
USGS	04115000	00060	1		1962	7	22.0	31
USGS	04115000	00060	1		1962	8	14.5	31
USGS	04115000	00060	1		1962	9	11.4	30
USGS	04115000	00060	1		1962	10	14.6	31
USGS	04115000	00060	1		1962	11	21.8	30
USGS	04115000	00060	1		1962	12	20.9	31
USGS	04115000	00060	1		1963	1	17.3	31
USGS	04115000	00060	1		1963	2	16.9	28
USGS	04115000	00060	1		1963	3	201.5	31
USGS	04115000	00060	1		1963	4	187.5	30
USGS	04115000	00060	1		1963	5	152.5	31
USGS	04115000	00060	1		1963	6	100.9	30
USGS	04115000	00060	1		1963	7	21.8	31
USGS	04115000	00060	1		1963	8	10.1	31
USGS	04115000	00060	1		1963	9	13.2	30
USGS	04115000	00060	1		1963	10	11.7	31
USGS	04115000	00060	1		1963	11	40.0	30
USGS	04115000	00060	1		1963	12	33.6	31
USGS	04115000	00060	1		1964	1	32.1	31
USGS	04115000	00060	1		1964	2	36.3	29
USGS	04115000	00060	1		1964	3	102.8	31
USGS	04115000	00060	1		1964	4	262.4	30
USGS	04115000	00060	1		1964	5	247.0	31
USGS	04115000	00060	1		1964	6	94.4	30
USGS	04115000	00060	1		1964	7	69.6	31
USGS	04115000	00060	1		1964	8	20.0	31
USGS	04115000	00060	1		1964	9	19.3	30
USGS	04115000	00060	1		1964	10	20.1	31
USGS	04115000	00060	1		1964	11	23.4	30
USGS	04115000	00060	1		1964	12	66.3	31
USGS	04115000	00060	1		1965	1	98.9	31
USGS	04115000	00060	1		1965	2	646.2	28
USGS	04115000	00060	1		1965	3	745.3	31
USGS	04115000	00060	1		1965	4	1056	30
USGS	04115000	00060	1		1965	5	180.4	31
USGS	04115000	00060	1		1965	6	29.0	30
USGS	04115000	00060	1		1965	7	10.6	31
USGS	04115000	00060	1		1965	8	8.47	31
USGS	04115000	00060	1		1965	9	39.2	30
USGS	04115000	00060	1		1965	10	59.0	31
USGS	04115000	00060	1		1965	11	63.7	30
USGS	04115000	00060	1		1965	12	387.0	31
USGS	04115000	00060	1		1966	1	364.9	31
USGS	04115000	00060	1		1966	2	291.7	28
USGS	04115000	00060	1		1966	3	678.6	31
USGS	04115000	00060	1		1966	4	333.1	30
USGS	04115000	00060	1		1966	5	372.2	31
USGS	04115000	00060	1		1966	6	96.9	30
USGS	04115000	00060	1		1966	7	33.6	31
USGS	04115000	00060	1		1966	8	18.8	31
USGS	04115000	00060	1		1966	9	13.9	30
USGS	04115000	00060	1		1966	10	9.77	31
USGS	04115000	00060	1		1966	11	62.7	30
USGS	04115000	00060	1		1966	12	363.9	31
USGS	04115000	00060	1		1967	1	137.6	31
USGS	04115000	00060	1		1967	2	203.6	28
USGS	04115000	00060	1		1967	3	865.6	31
USGS	04115000	00060	1		1967	4	1564	30
USGS	04115000	00060	1		1967	5	334.8	31
USGS	04115000	00060	1		1967	6	114.4	30
USGS	04115000	00060	1		1967	7	130.0	31
USGS	04115000	00060	1		1967	8	41.9	31
USGS	04115000	00060	1		1967	9	21.4	30
USGS	04115000	00060	1		1967	10	42.5	31
USGS	04115000	00060	1		1967	11	195.4	30
USGS	04115000	00060	1		1967	12	549.6	31
USGS	04115000	00060	1		1968	1	128.3	31
USGS	04115000	00060	1		1968	2	448.3	29
USGS	04115000	00060	1		1968	3	175.9	31
USGS	04115000	00060	1		1968	4	362.0	30
USGS	04115000	00060	1		1968	5	175.9	31
USGS	04115000	00060	1		1968	6	298.0	30
USGS	04115000	00060	1		1968	7	272.9	31
USGS	04115000	00060	1		1968	8	86.3	31
USGS	04115000	00060	1		1968	9	57.6	30
USGS	04115000	00060	1		1968	10	42.2	31
USGS	04115000	00060	1		1968	11	64.5	30
USGS	04115000	00060	1		1968	12	155.9	31
USGS	04115000	00060	1		1969	1	233.2	31
USGS	04115000	00060	1		1969	2	308.5	28
USGS	04115000	00060	1		1969	3	291.6	31
USGS	04115000	00060	1		1969	4	582.3	30
USGS	04115000	00060	1		1969	5	708.0	31
USGS	04115000	00060	1		1969	6	210.0	30
USGS	04115000	00060	1		1969	7	248.8	31
USGS	04115000	00060	1		1969	8	94.0	31
USGS	04115000	00060	1		1969	9	24.2	30
USGS	04115000	00060	1		1969	10	36.9	31
USGS	04115000	00060	1		1969	11	68.5	30
USGS	04115000	00060	1		1969	12	68.4	31
USGS	04115000	00060	1		1970	1	39.5	31
USGS	04115000	00060	1		1970	2	67.0	28
USGS	04115000	00060	1		1970	3	198.0	31
USGS	04115000	00060	1		1970	4	544.3	30
USGS	04115000	00060	1		1970	5	251.7	31
USGS	04115000	00060	1		1970	6	233.1	30
USGS	04115000	00060	1		1970	7	82.0	31
USGS	04115000	00060	1		1970	8	25.2	31
USGS	04115000	00060	1		1970	9	53.3	30
USGS	04115000	00060	1		1970	10	203.6	31
USGS	04115000	00060	1		1970	11	434.2	30
USGS	04115000	00060	1		1970	12	330.5	31
USGS	04115000	00060	1		1971	1	157.2	31
USGS	04115000	00060	1		1971	2	461.9	28
USGS	04115000	00060	1		1971	3	1028	31
USGS	04115000	00060	1		1971	4	455.5	30
USGS	04115000	00060	1		1971	5	118.2	31
USGS	04115000	00060	1		1971	6	46.3	30
USGS	04115000	00060	1		1971	7	17.6	31
USGS	04115000	00060	1		1971	8	11.5	31
USGS	04115000	00060	1		1971	9	24.2	30
USGS	04115000	00060	1		1971	10	40.9	31
USGS	04115000	00060	1		1971	11	53.9	30
USGS	04115000	00060	1		1971	12	304.3	31
USGS	04115000	00060	1		1972	1	225.5	31
USGS	04115000	00060	1		1972	2	115.1	29
USGS	04115000	00060	1		1972	3	832.1	31
USGS	04115000	00060	1		1972	4	843.7	30
USGS	04115000	00060	1		1972	5	291.6	31
USGS	04115000	00060	1		1972	6	127.2	30
USGS	04115000	00060	1		1972	7	107.8	31
USGS	04115000	00060	1		1972	8	153.0	31
USGS	04115000	00060	1		1972	9	149.4	30
USGS	04115000	00060	1		1972	10	211.9	31
USGS	04115000	00060	1		1972	11	516.7	30
USGS	04115000	00060	1		1972	12	384.9	31
USGS	04115000	00060	1		1973	1	1035	31
USGS	04115000	00060	1		1973	2	314.6	28
USGS	04115000	00060	1		1973	3	1121	31
USGS	04115000	00060	1		1973	4	722.9	30
USGS	04115000	00060	1		1973	5	435.5	31
USGS	04115000	00060	1		1973	6	363.7	30
USGS	04115000	00060	1		1973	7	140.6	31
USGS	04115000	00060	1		1973	8	48.2	31
USGS	04115000	00060	1		1973	9	26.8	30
USGS	04115000	00060	1		1973	10	34.5	31
USGS	04115000	00060	1		1973	11	116.4	30
USGS	04115000	00060	1		1973	12	306.9	31
USGS	04115000	00060	1		1974	1	745.3	31
USGS	04115000	00060	1		1974	2	546.2	28
USGS	04115000	00060	1		1974	3	1041	31
USGS	04115000	00060	1		1974	4	759.9	30
USGS	04115000	00060	1		1974	5	651.9	31
USGS	04115000	00060	1		1974	6	259.6	30
USGS	04115000	00060	1		1974	7	111.0	31
USGS	04115000	00060	1		1974	8	54.3	31
USGS	04115000	00060	1		1974	9	30.5	30
USGS	04115000	00060	1		1974	10	36.0	31
USGS	04115000	00060	1		1974	11	89.2	30
USGS	04115000	00060	1		1974	12	145.3	31
USGS	04115000	00060	1		1975	1	377.4	31
USGS	04115000	00060	1		1975	2	384.1	28
USGS	04115000	00060	1		1975	3	765.7	31
USGS	04115000	00060	1		1975	4	797.1	30
USGS	04115000	00060	1		1975	5	321.9	31
USGS	04115000	00060	1		1975	6	199.5	30
USGS	04115000	00060	1		1975	7	118.4	31
USGS	04115000	00060	1		1975	8	238.5	31
USGS	04115000	00060	1		1975	9	1142	30
USGS	04115000	00060	1		1975	10	148.2	31
USGS	04115000	00060	1		1975	11	155.8	30
USGS	04115000	00060	1		1975	12	791.7	31
USGS	04115000	00060	1		1976	1	246.0	31
USGS	04115000	00060	1		1976	2	980.4	29
USGS	04115000	00060	1		1976	3	1551	31
USGS	04115000	00060	1		1976	4	661.3	30
USGS	04115000	00060	1		1976	5	941.4	31
USGS	04115000	00060	1		1976	6	156.5	30
USGS	04115000	00060	1		1976	7	307.6	31
USGS	04115000	00060	1		1976	8	48.0	31
USGS	04115000	00060	1		1976	9	24.1	30
USGS	04115000	00060	1		1976	10	38.9	31
USGS	04115000	00060	1		1976	11	45.3	30
USGS	04115000	00060	1		1976	12	39.6	31
USGS	04115000	00060	1		1977	1	32.9	31
USGS	04115000	00060	1		1977	2	49.7	28
USGS	04115000	00060	1		1977	3	331.8	31
USGS	04115000	00060	1		1977	4	246.4	30
USGS	04115000	00060	1		1977	5	74.1	31
USGS	04115000	00060	1		1977	6	24.6	30
USGS	04115000	00060	1		1977	7	12.7	31
USGS	04115000	00060	1		1977	8	13.4	31
USGS	04115000	00060	1		1977	9	44.4	30
USGS	04115000	00060	1		1977	10	121.7	31
USGS	04115000	00060	1		1977	11	84.6	30
USGS	04115000	00060	1		1977	12	239.0	31
USGS	04115000	00060	1		1978	1	86.0	31
USGS	04115000	00060	1		1978	2	63.1	28
USGS	04115000	00060	1		1978	3	625.4	31
USGS	04115000	00060	1		1978	4	1179	30
USGS	04115000	00060	1		1978	5	183.7	31
USGS	04115000	00060	1		1978	6	49.0	30
USGS	04115000	00060	1		1978	7	21.0	31
USGS	04115000	00060	1		1978	8	15.2	31
USGS	04115000	00060	1		1978	9	20.7	30
USGS	04115000	00060	1		1978	10	44.5	31
USGS	04115000	00060	1		1978	11	47.0	30
USGS	04115000	00060	1		1978	12	48.9	31
USGS	04115000	00060	1		1979	1	50.2	31
USGS	04115000	00060	1		1979	2	42.4	28
USGS	04115000	00060	1		1979	3	1041	31
USGS	04115000	00060	1		1979	4	587.6	30
USGS	04115000	00060	1		1979	5	212.7	31
USGS	04115000	00060	1		1979	6	52.2	30
USGS	04115000	00060	1		1979	7	69.8	31
USGS	04115000	00060	1		1979	8	21.6	31
USGS	04115000	00060	1		1979	9	11.5	30
USGS	04115000	00060	1		1979	10	19.4	31
USGS	04115000	00060	1		1979	11	61.3	30
USGS	04115000	00060	1		1979	12	165.0	31
USGS	04115000	00060	1		1980	1	208.3	31
USGS	04115000	00060	1		1980	2	102.3	29
USGS	04115000	00060	1		1980	3	297.7	31
USGS	04115000	00060	1		1980	4	655.5	30
USGS	04115000	00060	1		1980	5	237.4	31
USGS	04115000	00060	1		1980	6	222.8	30
USGS	04115000	00060	1		1980	7	82.9	31
USGS	04115000	00060	1		1980	8	154.6	31
USGS	04115000	00060	1		1980	9	174.5	30
USGS	04115000	00060	1		1980	10	307.8	31
USGS	04115000	00060	1		1980	11	162.6	30
USGS	04115000	00060	1		1980	12	398.8	31
USGS	04115000	00060	1		1981	1	87.7	31
USGS	04115000	00060	1		1981	2	797.5	28
USGS	04115000	00060	1		1981	3	470.2	31
USGS	04115000	00060	1		1981	4	437.4	30
USGS	04115000	00060	1		1981	5	713.7	31
USGS	04115000	00060	1		1981	6	281.0	30
USGS	04115000	00060	1		1981	7	54.5	31
USGS	04115000	00060	1		1981	8	29.1	31
USGS	04115000	00060	1		1981	9	133.7	30
USGS	04115000	00060	1		1981	10	1289	31
USGS	04115000	00060	1		1981	11	225.8	30
USGS	04115000	00060	1		1981	12	224.5	31
USGS	04115000	00060	1		1982	1	132.1	31
USGS	04115000	00060	1		1982	2	83.6	28
USGS	04115000	00060	1		1982	3	1313	31
USGS	04115000	00060	1		1982	4	655.9	30
USGS	04115000	00060	1		1982	5	109.3	31
USGS	04115000	00060	1		1982	6	138.2	30
USGS	04115000	00060	1		1982	7	78.9	31
USGS	04115000	00060	1		1982	8	76.7	31
USGS	04115000	00060	1		1982	9	41.9	30
USGS	04115000	00060	1		1982	10	41.8	31
USGS	04115000	00060	1		1982	11	174.2	30
USGS	04115000	00060	1		1982	12	707.9	31
USGS	04115000	00060	1		1983	1	289.3	31
USGS	04115000	00060	1		1983	2	300.3	28
USGS	04115000	00060	1		1983	3	461.0	31
USGS	04115000	00060	1		1983	4	1245	30
USGS	04115000	00060	1		1983	5	923.4	31
USGS	04115000	00060	1		1983	6	284.8	30
USGS	04115000	00060	1		1983	7	58.2	31
USGS	04115000	00060	1		1983	8	30.0	31
USGS	04115000	00060	1		1983	9	46.3	30
USGS	04115000	00060	1		1983	10	96.5	31
USGS	04115000	00060	1		1983	11	189.6	30
USGS	04115000	00060	1		1983	12	379.0	31
USGS	04115000	00060	1		1984	1	101.2	31
USGS	04115000	00060	1		1984	2	597.0	29
USGS	04115000	00060	1		1984	3	523.1	31
USGS	04115000	00060	1		1984	4	521.9	30
USGS	04115000	00060	1		1984	5	258.2	31
USGS	04115000	00060	1		1984	6	258.1	30
USGS	04115000	00060	1		1984	7	46.4	31
USGS	04115000	00060	1		1984	8	26.4	31
USGS	04115000	00060	1		1984	9	20.7	30
USGS	04115000	00060	1		1984	10	39.6	31
USGS	04115000	00060	1		1984	11	102.4	30
USGS	04115000	00060	1		1984	12	251.5	31
USGS	04115000	00060	1		1985	1	422.7	31
USGS	04115000	00060	1		1985	2	386.3	28
USGS	04115000	00060	1		1985	3	2049	31
USGS	04115000	00060	1		1985	4	1208	30
USGS	04115000	00060	1		1985	5	131.1	31
USGS	04115000	00060	1		1985	6	78.6	30
USGS	04115000	00060	1		1985	7	36.9	31
USGS	04115000	00060	1		1985	8	80.6	31
USGS	04115000	00060	1		1985	9	925.1	30
USGS	04115000	00060	1		1985	10	301.4	31
USGS	04115000	00060	1		1985	11	693.7	30
USGS	04115000	00060	1		1985	12	449.8	31
USGS	04115000	00060	1		1986	1	233.9	31
USGS	04115000	00060	1		1986	2	264.4	28
USGS	04115000	00060	1		1986	3	1212	31
USGS	04115000	00060	1		1986	4	275.0	30
USGS	04115000	00060	1		1986	5	255.8	31
USGS	04115000	00060	1		1986	6	471.3	30
USGS	04115000	00060	1		1986	7	153.3	31
USGS	04115000	00060	1		1986	8	37.4	31
USGS	04115000	00060	1		1986	9	1634	30
USGS	04115000	00060	1		1986	10	1461	31
USGS	04115000	00060	1		1986	11	220.5	30
USGS	04115000	00060	1		1986	12	273.7	31
USGS	04115000	00060	1		1987	1	207.1	31
USGS	04115000	00060	1		1987	2	130.5	28
USGS	04115000	00060	1		1987	3	320.0	31
USGS	04115000	00060	1		1987	4	255.3	30
USGS	04115000	00060	1		1987	5	87.4	31
USGS	04115000	00060	1		1987	6	49.6	30
USGS	04115000	00060	1		1987	7	30.5	31
USGS	04115000	00060	1		1987	8	65.5	31
USGS	04115000	00060	1		1987	9	62.6	30
USGS	04115000	00060	1		1987	10	67.5	31
USGS	04115000	00060	1		1987	11	139.5	30
USGS	04115000	00060	1		1987	12	698.3	31
USGS	04115000	00060	1		1988	1	164.6	31
USGS	04115000	00060	1		1988	2	275.5	29
USGS	04115000	00060	1		1988	3	374.6	31
USGS	04115000	00060	1		1988	4	705.6	30
USGS	04115000	00060	1		1988	5	122.1	31
USGS	04115000	00060	1		1988	6	27.3	30
USGS	04115000	00060	1		1988	7	20.2	31
USGS	04115000	00060	1		1988	8	20.7	31
USGS	04115000	00060	1		1988	9	70.5	30
USGS	04115000	00060	1		1988	10	125.0	31
USGS	04115000	00060	1		1988	11	671.5	30
USGS	04115000	00060	1		1988	12	224.8	31
USGS	04115000	00060	1		1989	1	284.4	31
USGS	04115000	00060	1		1989	2	136.4	28
USGS	04115000	00060	1		1989	3	491.9	31
USGS	04115000	00060	1		1989	4	585.2	30
USGS	04115000	00060	1		1989	5	149.6	31
USGS	04115000	00060	1		1989	6	874.0	30
USGS	04115000	00060	1		1989	7	198.9	31
USGS	04115000	00060	1		1989	8	60.0	31
USGS	04115000	00060	1		1989	9	256.2	30
USGS	04115000	00060	1		1989	10	82.8	31
USGS	04115000	00060	1		1989	11	293.2	30
USGS	04115000	00060	1		1989	12	226.8	31
USGS	04115000	00060	1		1990	1	458.7	31
USGS	04115000	00060	1		1990	2	430.5	28
USGS	04115000	00060	1		1990	3	968.9	31
USGS	04115000	00060	1		1990	4	487.3	30
USGS	04115000	00060	1		1990	5	272.2	31
USGS	04115000	00060	1		1990	6	82.5	30
USGS	04115000	00060	1		1990	7	55.7	31
USGS	04115000	00060	1		1990	8	55.5	31
USGS	04115000	00060	1		1990	9	43.9	30
USGS	04115000	00060	1		1990	10	575.1	31
USGS	04115000	00060	1		1990	11	836.8	30
USGS	04115000	00060	1		1990	12	812.5	31
USGS	04115000	00060	1		1991	1	453.4	31
USGS	04115000	00060	1		1991	2	412.1	28
USGS	04115000	00060	1		1991	3	697.5	31
USGS	04115000	00060	1		1991	4	1133	30
USGS	04115000	00060	1		1991	5	541.8	31
USGS	04115000	00060	1		1991	6	234.5	30
USGS	04115000	00060	1		1991	7	77.3	31
USGS	04115000	00060	1		1991	8	47.1	31
USGS	04115000	00060	1		1991	9	26.2	30
USGS	04115000	00060	1		1991	10	63.0	31
USGS	04115000	00060	1		1991	11	128.5	30
USGS	04115000	00060	1		1991	12	477.6	31
USGS	04115000	00060	1		1992	1	354.3	31
USGS	04115000	00060	1		1992	2	404.5	29
USGS	04115000	00060	1		1992	3	664.3	31
USGS	04115000	00060	1		1992	4	890.7	30
USGS	04115000	00060	1		1992	5	361.4	31
USGS	04115000	00060	1		1992	6	72.9	30
USGS	04115000	00060	1		1992	7	161.0	31
USGS	04115000	00060	1		1992	8	82.5	31
USGS	04115000	00060	1		1992	9	201.1	30
USGS	04115000	00060	1		1992	10	216.9	31
USGS	04115000	00060	1		1992	11	738.4	30
USGS	04115000	00060	1		1992	12	374.3	31
USGS	04115000	00060	1		1993	1	938.3	31
USGS	04115000	00060	1		1993	2	242.5	28
USGS	04115000	00060	1		1993	3	763.6	31
USGS	04115000	00060	1		1993	4	1278	30
USGS	04115000	00060	1		1993	5	370.8	31
USGS	04115000	00060	1		1993	6	252.8	30
USGS	04115000	00060	1		1993	7	109.5	31
USGS	04115000	00060	1		1993	8	88.9	31
USGS	04115000	00060	1		1993	9	186.7	30
USGS	04115000	00060	1		1993	10	599.0	31
USGS	04115000	00060	1		1993	11	240.9	30
USGS	04115000	00060	1		1993	12	202.7	31
USGS	04115000	00060	1		1994	1	95.3	31
USGS	04115000	00060	1		1994	2	603.9	28
USGS	04115000	00060	1		1994	3	787.3	31
USGS	04115000	00060	1		1994	4	502.2	30
USGS	04115000	00060	1		1994	5	457.2	31
USGS	04115000	00060	1		1994	6	684.5	30
USGS	04115000	00060	1		1994	7	1243	31
USGS	04115000	00060	1		1994	8	361.0	31
USGS	04115000	00060	1		1994	9	111.8	30
USGS	04115000	00060	1		1994	10	142.9	31
USGS	04115000	00060	1		1994	11	667.3	30
USGS	04115000	00060	1		1994	12	449.6	31
USGS	04115000	00060	1		1995	1	423.5	31
USGS	04115000	00060	1		1995	2	247.3	28
USGS	04115000	00060	1		1995	3	690.2	31
USGS	04115000	00060	1		1995	4	361.1	30
USGS	04115000	00060	1		1995	5	370.2	31
USGS	04115000	00060	1		1995	6	136.5	30
USGS	04115000	00060	1		1995	7	84.1	31
USGS	04115000	00060	1		1995	8	58.9	31
USGS	04115000	00060	1		1995	9	26.9	30
USGS	04115000	00060	1		1995	10	47.1	31
USGS	04115000	00060	1		1995	11	188.3	30
USGS	04115000	00060	1		1995	12	150.6	31
USGS	04115000	00060	1		1996	1	175.1	31
USGS	04115000	00060	1		1996	2	200.6	29
USGS	04115000	00060	1		1996	3	250.9	31
USGS	04115000	00060	1		1996	4	265.5	30
USGS	04115000	00060	1		1996	5	904.9	31
USGS	04115000	00060	1		1996	6	936.8	30
USGS	04115000	00060	1		1996	7	159.1	31
USGS	04115000	00060	1		1996	8	78.6	31
USGS	04115000	00060	1		1996	9	39.9	30
USGS	04115000	00060	1		1996	10	83.0	31
USGS	04115000	00060	1		1996	11	192.1	30
USGS	04115000	00060	1		1996	12	310.3	31
USGS	04115000	00060	1		1997	1	499.2	31
USGS	04115000	00060	1		1997	2	1133	28
USGS	04115000	00060	1		1997	3	1077	31
USGS	04115000	00060	1		1997	4	418.2	30
USGS	04115000	00060	1		1997	5	260.1	31
USGS	04115000	00060	1		1997	6	135.4	30
USGS	04115000	00060	1		1997	7	81.0	31
USGS	04115000	00060	1		1997	8	60.3	31
USGS	04115000	00060	1		1997	9	48.0	30
USGS	04115000	00060	1		1997	10	40.2	31
USGS	04115000	00060	1		1997	11	93.3	30
USGS	04115000	00060	1		1997	12	70.5	31
USGS	04115000	00060	1		1998	1	336.2	31
USGS	04115000	00060	1		1998	2	830.6	28
USGS	04115000	00060	1		1998	3	927.5	31
USGS	04115000	00060	1		1998	4	541.1	30
USGS	04115000	00060	1		1998	5	291.9	31
USGS	04115000	00060	1		1998	6	81.1	30
USGS	04115000	00060	1		1998	7	26.1	31
USGS	04115000	00060	1		1998	8	20.1	31
USGS	04115000	00060	1		1998	9	12.0	30
USGS	04115000	00060	1		1998	10	27.3	31
USGS	04115000	00060	1		1998	11	50.1	30
USGS	04115000	00060	1		1998	12	42.8	31
USGS	04115000	00060	1		1999	1	204.0	31
USGS	04115000	00060	1		1999	2	278.1	28
USGS	04115000	00060	1		1999	3	171.2	31
USGS	04115000	00060	1		1999	4	590.5	30
USGS	04115000	00060	1		1999	5	266.8	31
USGS	04115000	00060	1		1999	6	76.2	30
USGS	04115000	00060	1		1999	7	84.7	31
USGS	04115000	00060	1		1999	8	21.1	31
USGS	04115000	00060	1		1999	9	11.7	30
USGS	04115000	00060	1		1999	10	16.8	31
USGS	04115000	00060	1		1999	11	38.0	30
USGS	04115000	00060	1		1999	12	40.3	31
USGS	04115000	00060	1		2000	1	35.6	31
USGS	04115000	00060	1		2000	2	112.7	29
USGS	04115000	00060	1		2000	3	200.8	31
USGS	04115000	00060	1		2000	4	305.2	30
USGS	04115000	00060	1		2000	5	1033	31
USGS	04115000	00060	1		2000	6	261.5	30
USGS	04115000	00060	1		2000	7	46.7	31
USGS	04115000	00060	1		2000	8	47.1	31
USGS	04115000	00060	1		2000	9	110.4	30
USGS	04115000	00060	1		2000	10	126.3	31
USGS	04115000	00060	1		2000	11	170.3	30
USGS	04115000	00060	1		2000	12	126.9	31
USGS	04115000	00060	1		2001	1	205.9	31
USGS	04115000	00060	1		2001	2	1137	28
USGS	04115000	00060	1		2001	3	630.2	31
USGS	04115000	00060	1		2001	4	415.1	30
USGS	04115000	00060	1		2001	5	646.5	31
USGS	04115000	00060	1		2001	6	423.4	30
USGS	04115000	00060	1		2001	7	46.4	31
USGS	04115000	00060	1		2001	8	33.6	31
USGS	04115000	00060	1		2001	9	36.5	30
USGS	04115000	00060	1		2001	10	236.1	31
USGS	04115000	00060	1		2001	11	217.4	30
USGS	04115000	00060	1		2001	12	357.3	31
USGS	04115000	00060	1		2002	1	228.3	31
USGS	04115000	00060	1		2002	2	418.0	28
USGS	04115000	00060	1		2002	3	706.4	31
USGS	04115000	00060	1		2002	4	504.4	30
USGS	04115000	00060	1		2002	5	498.0	31
USGS	04115000	00060	1		2002	6	176.3	30
USGS	04115000	00060	1		2002	7	36.4	31
USGS	04115000	00060	1		2002	8	39.1	31
USGS	04115000	00060	1		2002	9	18.3	30
USGS	04115000	00060	1		2002	10	22.1	31
USGS	04115000	00060	1		2002	11	48.6	30
USGS	04115000	00060	1		2002	12	38.8	31
USGS	04115000	00060	1		2003	1	33.5	31
USGS	04115000	00060	1		2003	2	28.7	28
USGS	04115000	00060	1		2003	3	133.2	31
USGS	04115000	00060	1		2003	4	179.3	30
USGS	04115000	00060	1		2003	5	320.2	31
USGS	04115000	00060	1		2003	6	63.9	30
USGS	04115000	00060	1		2003	7	24.3	31
USGS	04115000	00060	1		2003	8	15.3	31
USGS	04115000	00060	1		2003	9	8.34	30
USGS	04115000	00060	1		2003	10	21.8	31
USGS	04115000	00060	1		2003	11	170.8	30
USGS	04115000	00060	1		2003	12	148.0	31
USGS	04115000	00060	1		2004	1	158.2	31
USGS	04115000	00060	1		2004	2	92.1	29
USGS	04115000	00060	1		2004	3	1001	31
USGS	04115000	00060	1		2004	4	220.3	30
USGS	04115000	00060	1		2004	5	1389	31
USGS	04115000	00060	1		2004	6	590.9	30
USGS	04115000	00060	1		2004	7	122.7	31
USGS	04115000	00060	1		2004	8	66.5	31
USGS	04115000	00060	1		2004	9	55.2	30
USGS	04115000	00060	1		2004	10	35.5	31
USGS	04115000	00060	1		2004	11	87.2	30
USGS	04115000	00060	1		2004	12	271.6	31
USGS	04115000	00060	1		2005	1	589.9	31
USGS	04115000	00060	1		2005	2	505.9	28
USGS	04115000	00060	1		2005	3	581.4	31
USGS	04115000	00060	1		2005	4	374.5	30
USGS	04115000	00060	1		2005	5	147.3	31
USGS	04115000	00060	1		2005	6	156.9	30
USGS	04115000	00060	1		2005	7	40.1	31
USGS	04115000	00060	1		2005	8	23.5	31
USGS	04115000	00060	1		2005	9	20.4	30
USGS	04115000	00060	1		2005	10	31.4	31
USGS	04115000	00060	1		2005	11	52.3	30
USGS	04115000	00060	1		2005	12	90.1	31
USGS	04115000	00060	1		2006	1	615.6	31
USGS	04115000	00060	1		2006	2	601.6	28
USGS	04115000	00060	1		2006	3	762.9	31
USGS	04115000	00060	1		2006	4	360.5	30
USGS	04115000	00060	1		2006	5	540.7	31
USGS	04115000	00060	1		2006	6	159.0	30
USGS	04115000	00060	1		2006	7	313.0	31
USGS	04115000	00060	1		2006	8	158.8	31
USGS	04115000	00060	1		2006	9	72.8	30
USGS	04115000	00060	1		2006	10	247.7	31
USGS	04115000	00060	1		2006	11	369.7	30
USGS	04115000	00060	1		2006	12	814.6	31
USGS	04115000	00060	1		2007	1	581.1	31
USGS	04115000	00060	1		2007	2	175.6	28
USGS	04115000	00060	1		2007	3	910.7	31
USGS	04115000	00060	1		2007	4	707.1	30
USGS	04115000	00060	1		2007	5	303.0	31
USGS	04115000	00060	1		2007	6	130.6	30
USGS	04115000	00060	1		2007	7	39.8	31
USGS	04115000	00060	1		2007	8	44.3	31
USGS	04115000	00060	1		2007	9	39.4	30
USGS	04115000	00060	1		2007	10	52.1	31
USGS	04115000	00060	1		2007	11	81.9	30
USGS	04115000	00060	1		2007	12	158.0	31
USGS	04115000	00060	1		2008	1	473.9	31
USGS	04115000	00060	1		2008	2	516.8	29
USGS	04115000	00060	1		2008	3	856.4	31
USGS	04115000	00060	1		2008	4	836.1	30
USGS	04115000	00060	1		2008	5	143.5	31
USGS	04115000	00060	1		2008	6	100.2	30
USGS	04115000	00060	1		2008	7	104.1	31
USGS	04115000	00060	1		2008	8	29.6	31
USGS	04115000	00060	1		2008	9	203.2	30
USGS	04115000	00060	1		2008	10	107.9	31
USGS	04115000	00060	1		2008	11	116.0	30
USGS	04115000	00060	1		2008	12	472.5	31
USGS	04115000	00060	1		2009	1	539.3	31
USGS	04115000	00060	1		2009	2	800.3	28
USGS	04115000	00060	1		2009	3	878.6	31
USGS	04115000	00060	1		2009	4	838.7	30
USGS	04115000	00060	1		2009	5	798.5	31
USGS	04115000	00060	1		2009	6	390.1	30
USGS	04115000	00060	1		2009	7	194.3	31
USGS	04115000	00060	1		2009	8	212.7	31
USGS	04115000	00060	1		2009	9	56.7	30
USGS	04115000	00060	1		2009	10	97.8	31
USGS	04115000	00060	1		2009	11	252.6	30
USGS	04115000	00060	1		2009	12	173.9	31
USGS	04115000	00060	1		2010	1	190.6	31
USGS	04115000	00060	1		2010	2	134.6	28
USGS	04115000	00060	1		2010	3	573.4	31
USGS	04115000	00060	1		2010	4	513.2	30
USGS	04115000	00060	1		2010	5	487.6	31
USGS	04115000	00060	1		2010	6	267.4	30
USGS	04115000	00060	1		2010	7	52.5	31
USGS	04115000	00060	1		2010	8	23.5	31
USGS	04115000	00060	1		2010	9	20.8	30
USGS	04115000	00060	1		2010	10	26.8	31
USGS	04115000	00060	1		2010	11	64.4	30
USGS	04115000	00060	1		2010	12	56.7	31
USGS	04115000	00060	1		2011	1	85.1	31
USGS	04115000	00060	1		2011	2	165.2	28
USGS	04115000	00060	1		2011	3	812.0	31
USGS	04115000	00060	1		2011	4	935.6	30
USGS	04115000	00060	1		2011	5	1136	31
USGS	04115000	00060	1		2011	6	545.1	30
USGS	04115000	00060	1		2011	7	153.3	31
USGS	04115000	00060	1		2011	8	211.8	31
USGS	04115000	00060	1		2011	9	32.4	30
USGS	04115000	00060	1		2011	10	80.5	31
USGS	04115000	00060	1		2011	11	145.3	30
USGS	04115000	00060	1		2011	12	416.8	31
USGS	04115000	00060	1		2012	1	335.8	31
USGS	04115000	00060	1		2012	2	394.8	29
USGS	04115000	00060	1		2012	3	655.1	31
USGS	04115000	00060	1		2012	4	245.0	30
USGS	04115000	00060	1		2012	5	352.7	31
USGS	04115000	00060	1		2012	6	111.3	30
USGS	04115000	00060	1		2012	7	28.8	31
USGS	04115000	00060	1		2012	8	182.0	31
USGS	04115000	00060	1		2012	9	26.6	30
USGS	04115000	00060	1		2012	10	75.9	31
USGS	04115000	00060	1		2012	11	94.9	30
USGS	04115000	00060	1		2012	12	163.4	31
USGS	04115000	00060	1		2013	1	298.5	31
USGS	04115000	00060	1		2013	2	590.8	28
USGS	04115000	00060	1		2013	3	619.3	31
USGS	04115000	00060	1		2013	4	2638	30
USGS	04115000	00060	1		2013	5	451.8	31
USGS	04115000	00060	1		2013	6	433.4	30
USGS	04115000	00060	1		2013	7	118.4	31
USGS	04115000	00060	1		2013	8	40.4	31
USGS	04115000	00060	1		2013	9	35.0	30
USGS	04115000	00060	1		2013	10	39.3	31
USGS	04115000	00060	1		2013	11	131.1	30
USGS	04115000	00060	1		2013	12	90.2	31
USGS	04115000	00060	1		2014	1	145.1	31
USGS	04115000	00060	1		2014	2	118.1	28
