#
#
# US Geological Survey, Water Resources Data
# retrieved: 2014-11-20 16:24:50 EST	(natwebcaas01)
#
# This file contains USGS Monthly Statistics
#
# Note:The statistics generated are based on approved daily-mean data and may not match those published by the USGS in official publications.
# The user is responsible for assessment and use of statistics from this site.
# For more details on why the statistics may not match, visit http://help.waterdata.usgs.gov/faq/about-statistics.
#
# Data heading explanations.
# agency_cd       -- agency code
# site_no         -- Site identification number
# parameter_cd    -- Parameter code
# station_nm      -- Site name
# loc_web_ds      -- Additional measurement description
#
# Data for the following 1 site(s) are contained in this file
# agency_cd   site_no      parameter_cd   station_nm (loc_web_ds)
# USGS        04111500     00060          DEER CREEK NEAR DANSVILLE, MI
#
# Explanation of Parameter Codes
# parameter_cd	Parameter Name
# 00060         Discharge, cubic feet per second
#
# Data heading explanations.
# year_nu     ... Calendar year for value.
# month_nu    ... Month for value.
# mean_va     ... Mean of daily mean values for this month.
# count_nu    ... Number of values used in the calculation.
#
agency_cd	site_no	parameter_cd	dd_nu	loc_web_ds	year_nu	month_nu	mean_va	count_nu
# 5s	15s	5s	3n	15s	4s	2s	12n	8n
USGS	04111500	00060	1		1954	5	5.01	31
USGS	04111500	00060	1		1954	6	34.1	30
USGS	04111500	00060	1		1954	7	4.47	31
USGS	04111500	00060	1		1954	8	1.47	31
USGS	04111500	00060	1		1954	9	1.04	30
USGS	04111500	00060	1		1954	10	6.42	31
USGS	04111500	00060	1		1954	11	7.59	30
USGS	04111500	00060	1		1954	12	9.34	31
USGS	04111500	00060	1		1955	1	16.3	31
USGS	04111500	00060	1		1955	2	15.9	28
USGS	04111500	00060	1		1955	3	24.4	31
USGS	04111500	00060	1		1955	4	9.55	30
USGS	04111500	00060	1		1955	5	3.62	31
USGS	04111500	00060	1		1955	6	3.89	30
USGS	04111500	00060	1		1955	7	1.52	31
USGS	04111500	00060	1		1955	8	0.874	31
USGS	04111500	00060	1		1955	9	0.550	30
USGS	04111500	00060	1		1955	10	1.71	31
USGS	04111500	00060	1		1955	11	5.36	30
USGS	04111500	00060	1		1955	12	3.17	31
USGS	04111500	00060	1		1956	1	1.32	31
USGS	04111500	00060	1		1956	2	4.38	29
USGS	04111500	00060	1		1956	3	38.0	31
USGS	04111500	00060	1		1956	4	34.7	30
USGS	04111500	00060	1		1956	5	57.2	31
USGS	04111500	00060	1		1956	6	4.85	30
USGS	04111500	00060	1		1956	7	3.14	31
USGS	04111500	00060	1		1956	8	3.66	31
USGS	04111500	00060	1		1956	9	1.71	30
USGS	04111500	00060	1		1956	10	0.948	31
USGS	04111500	00060	1		1956	11	1.39	30
USGS	04111500	00060	1		1956	12	2.79	31
USGS	04111500	00060	1		1957	1	3.60	31
USGS	04111500	00060	1		1957	2	9.25	28
USGS	04111500	00060	1		1957	3	8.19	31
USGS	04111500	00060	1		1957	4	18.2	30
USGS	04111500	00060	1		1957	5	21.7	31
USGS	04111500	00060	1		1957	6	6.08	30
USGS	04111500	00060	1		1957	7	30.5	31
USGS	04111500	00060	1		1957	8	1.31	31
USGS	04111500	00060	1		1957	9	1.14	30
USGS	04111500	00060	1		1957	10	2.25	31
USGS	04111500	00060	1		1957	11	7.65	30
USGS	04111500	00060	1		1957	12	15.8	31
USGS	04111500	00060	1		1958	1	5.82	31
USGS	04111500	00060	1		1958	2	10.4	28
USGS	04111500	00060	1		1958	3	14.5	31
USGS	04111500	00060	1		1958	4	9.87	30
USGS	04111500	00060	1		1958	5	2.58	31
USGS	04111500	00060	1		1958	6	2.64	30
USGS	04111500	00060	1		1958	7	8.31	31
USGS	04111500	00060	1		1958	8	2.63	31
USGS	04111500	00060	1		1958	9	1.10	30
USGS	04111500	00060	1		1958	10	1.92	31
USGS	04111500	00060	1		1958	11	2.38	30
USGS	04111500	00060	1		1958	12	2.00	31
USGS	04111500	00060	1		1959	1	3.07	31
USGS	04111500	00060	1		1959	2	6.88	28
USGS	04111500	00060	1		1959	3	48.3	31
USGS	04111500	00060	1		1959	4	24.0	30
USGS	04111500	00060	1		1959	5	7.47	31
USGS	04111500	00060	1		1959	6	3.62	30
USGS	04111500	00060	1		1959	7	9.57	31
USGS	04111500	00060	1		1959	8	9.39	31
USGS	04111500	00060	1		1959	9	4.43	30
USGS	04111500	00060	1		1959	10	33.8	31
USGS	04111500	00060	1		1959	11	23.4	30
USGS	04111500	00060	1		1959	12	18.7	31
USGS	04111500	00060	1		1960	1	20.7	31
USGS	04111500	00060	1		1960	2	16.8	29
USGS	04111500	00060	1		1960	3	31.6	31
USGS	04111500	00060	1		1960	4	27.3	30
USGS	04111500	00060	1		1960	5	11.0	31
USGS	04111500	00060	1		1960	6	14.9	30
USGS	04111500	00060	1		1960	7	2.55	31
USGS	04111500	00060	1		1960	8	1.55	31
USGS	04111500	00060	1		1960	9	1.20	30
USGS	04111500	00060	1		1960	10	1.36	31
USGS	04111500	00060	1		1960	11	2.20	30
USGS	04111500	00060	1		1960	12	1.35	31
USGS	04111500	00060	1		1961	1	1.09	31
USGS	04111500	00060	1		1961	2	3.74	28
USGS	04111500	00060	1		1961	3	12.1	31
USGS	04111500	00060	1		1961	4	20.3	30
USGS	04111500	00060	1		1961	5	6.54	31
USGS	04111500	00060	1		1961	6	5.97	30
USGS	04111500	00060	1		1961	7	1.42	31
USGS	04111500	00060	1		1961	8	4.14	31
USGS	04111500	00060	1		1961	9	5.37	30
USGS	04111500	00060	1		1961	10	4.18	31
USGS	04111500	00060	1		1961	11	6.99	30
USGS	04111500	00060	1		1961	12	6.68	31
USGS	04111500	00060	1		1962	1	6.45	31
USGS	04111500	00060	1		1962	2	10.3	28
USGS	04111500	00060	1		1962	3	40.4	31
USGS	04111500	00060	1		1962	4	10.1	30
USGS	04111500	00060	1		1962	5	6.54	31
USGS	04111500	00060	1		1962	6	2.81	30
USGS	04111500	00060	1		1962	7	2.35	31
USGS	04111500	00060	1		1962	8	0.648	31
USGS	04111500	00060	1		1962	9	1.77	30
USGS	04111500	00060	1		1962	10	1.97	31
USGS	04111500	00060	1		1962	11	2.47	30
USGS	04111500	00060	1		1962	12	1.97	31
USGS	04111500	00060	1		1963	1	1.42	31
USGS	04111500	00060	1		1963	2	1.65	28
USGS	04111500	00060	1		1963	3	28.3	31
USGS	04111500	00060	1		1963	4	5.93	30
USGS	04111500	00060	1		1963	5	10.9	31
USGS	04111500	00060	1		1963	6	6.12	30
USGS	04111500	00060	1		1963	7	0.997	31
USGS	04111500	00060	1		1963	8	0.468	31
USGS	04111500	00060	1		1963	9	0.390	30
USGS	04111500	00060	1		1963	10	0.345	31
USGS	04111500	00060	1		1963	11	0.653	30
USGS	04111500	00060	1		1963	12	0.477	31
USGS	04111500	00060	1		1964	1	1.36	31
USGS	04111500	00060	1		1964	2	1.71	29
USGS	04111500	00060	1		1964	3	3.00	31
USGS	04111500	00060	1		1964	4	7.01	30
USGS	04111500	00060	1		1964	5	4.92	31
USGS	04111500	00060	1		1964	6	1.34	30
USGS	04111500	00060	1		1964	7	0.690	31
USGS	04111500	00060	1		1964	8	0.490	31
USGS	04111500	00060	1		1964	9	0.420	30
USGS	04111500	00060	1		1964	10	0.503	31
USGS	04111500	00060	1		1964	11	0.720	30
USGS	04111500	00060	1		1964	12	2.38	31
USGS	04111500	00060	1		1965	1	4.58	31
USGS	04111500	00060	1		1965	2	29.8	28
USGS	04111500	00060	1		1965	3	25.7	31
USGS	04111500	00060	1		1965	4	29.9	30
USGS	04111500	00060	1		1965	5	3.25	31
USGS	04111500	00060	1		1965	6	1.85	30
USGS	04111500	00060	1		1965	7	0.387	31
USGS	04111500	00060	1		1965	8	0.513	31
USGS	04111500	00060	1		1965	9	0.690	30
USGS	04111500	00060	1		1965	10	1.02	31
USGS	04111500	00060	1		1965	11	1.58	30
USGS	04111500	00060	1		1965	12	14.0	31
USGS	04111500	00060	1		1966	1	7.33	31
USGS	04111500	00060	1		1966	2	9.97	28
USGS	04111500	00060	1		1966	3	33.5	31
USGS	04111500	00060	1		1966	4	18.7	30
USGS	04111500	00060	1		1966	5	15.4	31
USGS	04111500	00060	1		1966	6	2.96	30
USGS	04111500	00060	1		1966	7	1.80	31
USGS	04111500	00060	1		1966	8	1.57	31
USGS	04111500	00060	1		1966	9	0.524	30
USGS	04111500	00060	1		1966	10	0.782	31
USGS	04111500	00060	1		1966	11	4.40	30
USGS	04111500	00060	1		1966	12	18.8	31
USGS	04111500	00060	1		1967	1	9.80	31
USGS	04111500	00060	1		1967	2	15.2	28
USGS	04111500	00060	1		1967	3	36.8	31
USGS	04111500	00060	1		1967	4	22.9	30
USGS	04111500	00060	1		1967	5	6.05	31
USGS	04111500	00060	1		1967	6	3.92	30
USGS	04111500	00060	1		1967	7	1.36	31
USGS	04111500	00060	1		1967	8	0.434	31
USGS	04111500	00060	1		1967	9	0.450	30
USGS	04111500	00060	1		1967	10	2.14	31
USGS	04111500	00060	1		1967	11	7.47	30
USGS	04111500	00060	1		1967	12	26.1	31
USGS	04111500	00060	1		1968	1	15.1	31
USGS	04111500	00060	1		1968	2	29.2	29
USGS	04111500	00060	1		1968	3	14.2	31
USGS	04111500	00060	1		1968	4	13.2	30
USGS	04111500	00060	1		1968	5	10.7	31
USGS	04111500	00060	1		1968	6	43.3	30
USGS	04111500	00060	1		1968	7	8.85	31
USGS	04111500	00060	1		1968	8	3.69	31
USGS	04111500	00060	1		1968	9	2.69	30
USGS	04111500	00060	1		1968	10	2.01	31
USGS	04111500	00060	1		1968	11	8.70	30
USGS	04111500	00060	1		1968	12	10.2	31
USGS	04111500	00060	1		1969	1	20.2	31
USGS	04111500	00060	1		1969	2	9.20	28
USGS	04111500	00060	1		1969	3	12.7	31
USGS	04111500	00060	1		1969	4	38.1	30
USGS	04111500	00060	1		1969	5	26.5	31
USGS	04111500	00060	1		1969	6	13.6	30
USGS	04111500	00060	1		1969	7	10.8	31
USGS	04111500	00060	1		1969	8	1.30	31
USGS	04111500	00060	1		1969	9	0.522	30
USGS	04111500	00060	1		1969	10	1.91	31
USGS	04111500	00060	1		1969	11	4.20	30
USGS	04111500	00060	1		1969	12	3.08	31
USGS	04111500	00060	1		1970	1	4.23	31
USGS	04111500	00060	1		1970	2	13.8	28
USGS	04111500	00060	1		1970	3	16.8	31
USGS	04111500	00060	1		1970	4	44.5	30
USGS	04111500	00060	1		1970	5	16.1	31
USGS	04111500	00060	1		1970	6	9.31	30
USGS	04111500	00060	1		1970	7	3.38	31
USGS	04111500	00060	1		1970	8	1.24	31
USGS	04111500	00060	1		1970	9	1.06	30
USGS	04111500	00060	1		1970	10	3.59	31
USGS	04111500	00060	1		1970	11	9.23	30
USGS	04111500	00060	1		1970	12	9.66	31
USGS	04111500	00060	1		1971	1	4.38	31
USGS	04111500	00060	1		1971	2	48.9	28
USGS	04111500	00060	1		1971	3	28.6	31
USGS	04111500	00060	1		1971	4	12.0	30
USGS	04111500	00060	1		1971	5	3.73	31
USGS	04111500	00060	1		1971	6	2.46	30
USGS	04111500	00060	1		1971	7	0.640	31
USGS	04111500	00060	1		1971	8	0.193	31
USGS	04111500	00060	1		1971	9	0.417	30
USGS	04111500	00060	1		1971	10	0.928	31
USGS	04111500	00060	1		1971	11	1.09	30
USGS	04111500	00060	1		1971	12	9.63	31
USGS	04111500	00060	1		1972	1	10.0	31
USGS	04111500	00060	1		1972	2	5.12	29
USGS	04111500	00060	1		1972	3	36.1	31
USGS	04111500	00060	1		1972	4	35.3	30
USGS	04111500	00060	1		1972	5	10.5	31
USGS	04111500	00060	1		1972	6	3.69	30
USGS	04111500	00060	1		1972	7	1.29	31
USGS	04111500	00060	1		1972	8	0.996	31
USGS	04111500	00060	1		1972	9	7.88	30
USGS	04111500	00060	1		1972	10	7.83	31
USGS	04111500	00060	1		1972	11	22.2	30
USGS	04111500	00060	1		1972	12	32.7	31
USGS	04111500	00060	1		1973	1	23.9	31
USGS	04111500	00060	1		1973	2	11.3	28
USGS	04111500	00060	1		1973	3	54.6	31
USGS	04111500	00060	1		1973	4	26.0	30
USGS	04111500	00060	1		1973	5	16.6	31
USGS	04111500	00060	1		1973	6	10.6	30
USGS	04111500	00060	1		1973	7	3.00	31
USGS	04111500	00060	1		1973	8	1.35	31
USGS	04111500	00060	1		1973	9	0.744	30
USGS	04111500	00060	1		1973	10	1.90	31
USGS	04111500	00060	1		1973	11	8.92	30
USGS	04111500	00060	1		1973	12	22.0	31
USGS	04111500	00060	1		1974	1	40.1	31
USGS	04111500	00060	1		1974	2	25.5	28
USGS	04111500	00060	1		1974	3	53.7	31
USGS	04111500	00060	1		1974	4	36.1	30
USGS	04111500	00060	1		1974	5	23.7	31
USGS	04111500	00060	1		1974	6	3.66	30
USGS	04111500	00060	1		1974	7	1.14	31
USGS	04111500	00060	1		1974	8	0.835	31
USGS	04111500	00060	1		1974	9	0.626	30
USGS	04111500	00060	1		1974	10	0.835	31
USGS	04111500	00060	1		1974	11	1.97	30
USGS	04111500	00060	1		1974	12	3.99	31
USGS	04111500	00060	1		1975	1	13.4	31
USGS	04111500	00060	1		1975	2	22.4	28
USGS	04111500	00060	1		1975	3	19.0	31
USGS	04111500	00060	1		1975	4	64.8	30
USGS	04111500	00060	1		1975	5	15.3	31
USGS	04111500	00060	1		1975	6	8.90	30
USGS	04111500	00060	1		1975	7	1.62	31
USGS	04111500	00060	1		1975	8	4.53	31
USGS	04111500	00060	1		1975	9	10.7	30
USGS	04111500	00060	1		1975	10	2.56	31
USGS	04111500	00060	1		1975	11	5.79	30
USGS	04111500	00060	1		1975	12	28.3	31
USGS	04111500	00060	1		1976	1	6.66	31
USGS	04111500	00060	1		1976	2	48.0	29
USGS	04111500	00060	1		1976	3	46.7	31
USGS	04111500	00060	1		1976	4	21.1	30
USGS	04111500	00060	1		1976	5	18.1	31
USGS	04111500	00060	1		1976	6	6.30	30
USGS	04111500	00060	1		1976	7	8.41	31
USGS	04111500	00060	1		1976	8	0.532	31
USGS	04111500	00060	1		1976	9	0.473	30
USGS	04111500	00060	1		1976	10	0.918	31
USGS	04111500	00060	1		1976	11	1.33	30
USGS	04111500	00060	1		1976	12	1.16	31
USGS	04111500	00060	1		1977	1	0.880	31
USGS	04111500	00060	1		1977	2	4.74	28
USGS	04111500	00060	1		1977	3	20.2	31
USGS	04111500	00060	1		1977	4	18.6	30
USGS	04111500	00060	1		1977	5	4.53	31
USGS	04111500	00060	1		1977	6	1.73	30
USGS	04111500	00060	1		1977	7	0.505	31
USGS	04111500	00060	1		1977	8	0.250	31
USGS	04111500	00060	1		1977	9	0.937	30
USGS	04111500	00060	1		1977	10	1.70	31
USGS	04111500	00060	1		1977	11	2.98	30
USGS	04111500	00060	1		1977	12	12.4	31
USGS	04111500	00060	1		1978	1	3.52	31
USGS	04111500	00060	1		1978	2	2.99	28
USGS	04111500	00060	1		1978	3	44.2	31
USGS	04111500	00060	1		1978	4	22.6	30
USGS	04111500	00060	1		1978	5	9.85	31
USGS	04111500	00060	1		1978	6	2.15	30
USGS	04111500	00060	1		1978	7	0.868	31
USGS	04111500	00060	1		1978	8	0.435	31
USGS	04111500	00060	1		1978	9	0.839	30
USGS	04111500	00060	1		1978	10	1.52	31
USGS	04111500	00060	1		1978	11	2.51	30
USGS	04111500	00060	1		1978	12	5.55	31
USGS	04111500	00060	1		1979	1	6.34	31
USGS	04111500	00060	1		1979	2	3.93	28
USGS	04111500	00060	1		1979	3	49.5	31
USGS	04111500	00060	1		1979	4	24.5	30
USGS	04111500	00060	1		1979	5	8.18	31
USGS	04111500	00060	1		1979	6	1.72	30
USGS	04111500	00060	1		1979	7	2.25	31
USGS	04111500	00060	1		1979	8	1.01	31
USGS	04111500	00060	1		1979	9	0.247	30
USGS	04111500	00060	1		1979	10	0.420	31
USGS	04111500	00060	1		1979	11	1.83	30
USGS	04111500	00060	1		1979	12	7.53	31
USGS	04111500	00060	1		1980	1	5.91	31
USGS	04111500	00060	1		1980	2	6.18	29
USGS	04111500	00060	1		1980	3	22.3	31
USGS	04111500	00060	1		1980	4	25.6	30
USGS	04111500	00060	1		1980	5	8.94	31
USGS	04111500	00060	1		1980	6	13.7	30
USGS	04111500	00060	1		1980	7	2.13	31
USGS	04111500	00060	1		1980	8	15.9	31
USGS	04111500	00060	1		1980	9	12.7	30
USGS	04111500	00060	1		1980	10	6.54	31
USGS	04111500	00060	1		1980	11	5.10	30
USGS	04111500	00060	1		1980	12	16.4	31
USGS	04111500	00060	1		1981	1	3.42	31
USGS	04111500	00060	1		1981	2	48.5	28
USGS	04111500	00060	1		1981	3	11.8	31
USGS	04111500	00060	1		1981	4	25.4	30
USGS	04111500	00060	1		1981	5	14.6	31
USGS	04111500	00060	1		1981	6	3.56	30
USGS	04111500	00060	1		1981	7	1.03	31
USGS	04111500	00060	1		1981	8	0.819	31
USGS	04111500	00060	1		1981	9	4.19	30
USGS	04111500	00060	1		1981	10	22.0	31
USGS	04111500	00060	1		1981	11	8.93	30
USGS	04111500	00060	1		1981	12	6.09	31
USGS	04111500	00060	1		1982	1	6.16	31
USGS	04111500	00060	1		1982	2	3.10	28
USGS	04111500	00060	1		1982	3	70.6	31
USGS	04111500	00060	1		1982	4	23.9	30
USGS	04111500	00060	1		1982	5	4.77	31
USGS	04111500	00060	1		1982	6	13.5	30
USGS	04111500	00060	1		1982	7	2.69	31
USGS	04111500	00060	1		1982	8	0.705	31
USGS	04111500	00060	1		1982	9	0.917	30
USGS	04111500	00060	1		1982	10	0.998	31
USGS	04111500	00060	1		1982	11	7.39	30
USGS	04111500	00060	1		1982	12	17.8	31
USGS	04111500	00060	1		1983	1	7.54	31
USGS	04111500	00060	1		1983	2	14.7	28
USGS	04111500	00060	1		1983	3	26.7	31
USGS	04111500	00060	1		1983	4	40.6	30
USGS	04111500	00060	1		1983	5	28.6	31
USGS	04111500	00060	1		1983	6	11.1	30
USGS	04111500	00060	1		1983	7	5.31	31
USGS	04111500	00060	1		1983	8	0.672	31
USGS	04111500	00060	1		1983	9	0.492	30
USGS	04111500	00060	1		1983	10	1.08	31
USGS	04111500	00060	1		1983	11	5.60	30
USGS	04111500	00060	1		1983	12	11.5	31
USGS	04111500	00060	1		1984	1	3.17	31
USGS	04111500	00060	1		1984	2	19.2	29
USGS	04111500	00060	1		1984	3	21.3	31
USGS	04111500	00060	1		1984	4	20.4	30
USGS	04111500	00060	1		1984	5	18.5	31
USGS	04111500	00060	1		1984	6	4.22	30
USGS	04111500	00060	1		1984	7	0.731	31
USGS	04111500	00060	1		1984	8	0.792	31
USGS	04111500	00060	1		1984	9	1.12	30
USGS	04111500	00060	1		1984	10	2.16	31
USGS	04111500	00060	1		1984	11	12.2	30
USGS	04111500	00060	1		1984	12	20.0	31
USGS	04111500	00060	1		1985	1	24.0	31
USGS	04111500	00060	1		1985	2	52.3	28
USGS	04111500	00060	1		1985	3	46.9	31
USGS	04111500	00060	1		1985	4	39.3	30
USGS	04111500	00060	1		1985	5	9.93	31
USGS	04111500	00060	1		1985	6	8.69	30
USGS	04111500	00060	1		1985	7	1.27	31
USGS	04111500	00060	1		1985	8	1.29	31
USGS	04111500	00060	1		1985	9	3.55	30
USGS	04111500	00060	1		1985	10	14.0	31
USGS	04111500	00060	1		1985	11	31.2	30
USGS	04111500	00060	1		1985	12	12.9	31
USGS	04111500	00060	1		1986	1	12.2	31
USGS	04111500	00060	1		1986	2	26.3	28
USGS	04111500	00060	1		1986	3	49.0	31
USGS	04111500	00060	1		1986	4	13.4	30
USGS	04111500	00060	1		1986	5	9.65	31
USGS	04111500	00060	1		1986	6	11.7	30
USGS	04111500	00060	1		1986	7	2.72	31
USGS	04111500	00060	1		1986	8	0.858	31
USGS	04111500	00060	1		1986	9	7.52	30
USGS	04111500	00060	1		1986	10	26.4	31
USGS	04111500	00060	1		1986	11	6.82	30
USGS	04111500	00060	1		1986	12	13.2	31
USGS	04111500	00060	1		1987	1	8.55	31
USGS	04111500	00060	1		1987	2	8.61	28
USGS	04111500	00060	1		1987	3	18.3	31
USGS	04111500	00060	1		1987	4	10.7	30
USGS	04111500	00060	1		1987	5	3.15	31
USGS	04111500	00060	1		1987	6	1.83	30
USGS	04111500	00060	1		1987	7	0.594	31
USGS	04111500	00060	1		1987	8	0.825	31
USGS	04111500	00060	1		1987	9	1.22	30
USGS	04111500	00060	1		1987	10	1.85	31
USGS	04111500	00060	1		1987	11	4.75	30
USGS	04111500	00060	1		1987	12	20.8	31
USGS	04111500	00060	1		1988	1	15.0	31
USGS	04111500	00060	1		1988	2	19.0	29
USGS	04111500	00060	1		1988	3	18.9	31
USGS	04111500	00060	1		1988	4	23.7	30
USGS	04111500	00060	1		1988	5	5.17	31
USGS	04111500	00060	1		1988	6	1.03	30
USGS	04111500	00060	1		1988	7	0.575	31
USGS	04111500	00060	1		1988	8	1.06	31
USGS	04111500	00060	1		1988	9	3.00	30
USGS	04111500	00060	1		1988	10	7.03	31
USGS	04111500	00060	1		1988	11	31.6	30
USGS	04111500	00060	1		1988	12	12.2	31
USGS	04111500	00060	1		1989	1	14.0	31
USGS	04111500	00060	1		1989	2	6.45	28
USGS	04111500	00060	1		1989	3	24.4	31
USGS	04111500	00060	1		1989	4	18.6	30
USGS	04111500	00060	1		1989	5	13.0	31
USGS	04111500	00060	1		1989	6	27.3	30
USGS	04111500	00060	1		1989	7	2.81	31
USGS	04111500	00060	1		1989	8	2.12	31
USGS	04111500	00060	1		1989	9	5.29	30
USGS	04111500	00060	1		1989	10	2.77	31
USGS	04111500	00060	1		1989	11	15.3	30
USGS	04111500	00060	1		1989	12	3.94	31
USGS	04111500	00060	1		1990	1	23.8	31
USGS	04111500	00060	1		1990	2	25.6	28
USGS	04111500	00060	1		1990	3	35.4	31
USGS	04111500	00060	1		1990	4	21.2	30
USGS	04111500	00060	1		1990	5	14.2	31
USGS	04111500	00060	1		1990	6	4.41	30
USGS	04111500	00060	1		1990	7	2.11	31
USGS	04111500	00060	1		1990	8	0.938	31
USGS	04111500	00060	1		1990	9	1.30	30
USGS	04111500	00060	1		1990	10	7.83	31
USGS	04111500	00060	1		1990	11	24.5	30
USGS	04111500	00060	1		1990	12	25.7	31
USGS	04111500	00060	1		1991	1	14.4	31
USGS	04111500	00060	1		1991	2	17.4	28
USGS	04111500	00060	1		1991	3	22.5	31
USGS	04111500	00060	1		1991	4	28.8	30
USGS	04111500	00060	1		1991	5	8.79	31
USGS	04111500	00060	1		1991	6	3.32	30
USGS	04111500	00060	1		1991	7	0.665	31
USGS	04111500	00060	1		1991	8	1.03	31
USGS	04111500	00060	1		1991	9	0.500	30
USGS	04111500	00060	1		1991	10	2.00	31
USGS	04111500	00060	1		1991	11	9.92	30
USGS	04111500	00060	1		1991	12	22.7	31
USGS	04111500	00060	1		1992	1	13.0	31
USGS	04111500	00060	1		1992	2	16.3	29
USGS	04111500	00060	1		1992	3	22.2	31
USGS	04111500	00060	1		1992	4	34.8	30
USGS	04111500	00060	1		1992	5	10.0	31
USGS	04111500	00060	1		1992	6	3.74	30
USGS	04111500	00060	1		1992	7	14.9	31
USGS	04111500	00060	1		1992	8	17.1	31
USGS	04111500	00060	1		1992	9	20.6	30
USGS	04111500	00060	1		1992	10	20.7	31
USGS	04111500	00060	1		1992	11	45.1	30
USGS	04111500	00060	1		1992	12	21.9	31
USGS	04111500	00060	1		1993	1	38.6	31
USGS	04111500	00060	1		1993	2	8.98	28
USGS	04111500	00060	1		1993	3	39.2	31
USGS	04111500	00060	1		1993	4	40.1	30
USGS	04111500	00060	1		1993	5	10.9	31
USGS	04111500	00060	1		1993	6	24.1	30
USGS	04111500	00060	1		1993	7	8.57	31
USGS	04111500	00060	1		1993	8	3.24	31
USGS	04111500	00060	1		1993	9	12.2	30
USGS	04111500	00060	1		1993	10	23.3	31
USGS	04111500	00060	1		1993	11	10.0	30
USGS	04111500	00060	1		1993	12	10.3	31
USGS	04111500	00060	1		1994	1	7.33	31
USGS	04111500	00060	1		1994	2	25.3	28
USGS	04111500	00060	1		1994	3	31.7	31
USGS	04111500	00060	1		1994	4	23.4	30
USGS	04111500	00060	1		1994	5	12.6	31
USGS	04111500	00060	1		1994	6	19.9	30
USGS	04111500	00060	1		1994	7	10.6	31
USGS	04111500	00060	1		1994	8	11.2	31
USGS	04111500	00060	1		1994	9	4.81	30
USGS	04111500	00060	1		1994	10	11.3	31
USGS	04111500	00060	1		1994	11	28.4	30
USGS	04111500	00060	1		1994	12	25.1	31
USGS	04111500	00060	1		1995	1	22.4	31
USGS	04111500	00060	1		1995	2	9.70	28
USGS	04111500	00060	1		1995	3	31.9	31
USGS	04111500	00060	1		1995	4	20.6	30
USGS	04111500	00060	1		1995	5	12.8	31
USGS	04111500	00060	1		1995	6	4.23	30
USGS	04111500	00060	1		1995	7	2.22	31
USGS	04111500	00060	1		1995	8	4.14	31
USGS	04111500	00060	1		1995	9	0.921	30
USGS	04111500	00060	1		1995	10	1.57	31
USGS	04111500	00060	1		1995	11	8.35	30
USGS	04111500	00060	1		1995	12	5.89	31
USGS	04111500	00060	1		1996	1	10.9	31
USGS	04111500	00060	1		1996	2	13.8	29
USGS	04111500	00060	1		1996	3	12.3	31
USGS	04111500	00060	1		1996	4	14.9	30
USGS	04111500	00060	1		1996	5	19.7	31
USGS	04111500	00060	1		1996	6	18.4	30
USGS	04111500	00060	1		1996	7	1.68	31
USGS	04111500	00060	1		1996	8	0.660	31
USGS	04111500	00060	1		1996	9	0.557	30
USGS	04111500	00060	1		1996	10	0.949	31
USGS	04111500	00060	1		1996	11	3.25	30
USGS	04111500	00060	1		1996	12	11.1	31
USGS	04111500	00060	1		1997	1	15.8	31
USGS	04111500	00060	1		1997	2	35.1	28
USGS	04111500	00060	1		1997	3	35.3	31
USGS	04111500	00060	1		1997	4	16.0	30
USGS	04111500	00060	1		1997	5	12.3	31
USGS	04111500	00060	1		1997	6	7.84	30
USGS	04111500	00060	1		1997	7	5.18	31
USGS	04111500	00060	1		1997	8	2.60	31
USGS	04111500	00060	1		1997	9	7.30	30
USGS	04111500	00060	1		1997	10	4.66	31
USGS	04111500	00060	1		1997	11	8.92	30
USGS	04111500	00060	1		1997	12	12.6	31
USGS	04111500	00060	1		1998	1	37.6	31
USGS	04111500	00060	1		1998	2	41.2	28
USGS	04111500	00060	1		1998	3	46.7	31
USGS	04111500	00060	1		1998	4	28.5	30
USGS	04111500	00060	1		1998	5	18.7	31
USGS	04111500	00060	1		1998	6	3.18	30
USGS	04111500	00060	1		1998	7	3.30	31
USGS	04111500	00060	1		1998	8	1.66	31
USGS	04111500	00060	1		1998	9	0.750	30
USGS	04111500	00060	1		1998	10	1.43	31
USGS	04111500	00060	1		1998	11	1.83	30
USGS	04111500	00060	1		1998	12	2.75	31
USGS	04111500	00060	1		1999	1	22.0	31
USGS	04111500	00060	1		1999	2	9.87	28
USGS	04111500	00060	1		1999	3	10.7	31
USGS	04111500	00060	1		1999	4	36.3	30
USGS	04111500	00060	1		1999	5	6.51	31
USGS	04111500	00060	1		1999	6	2.71	30
USGS	04111500	00060	1		1999	7	4.03	31
USGS	04111500	00060	1		1999	8	0.991	31
USGS	04111500	00060	1		1999	9	0.473	30
USGS	04111500	00060	1		1999	10	0.886	31
USGS	04111500	00060	1		1999	11	1.03	30
USGS	04111500	00060	1		1999	12	2.47	31
USGS	04111500	00060	1		2000	1	2.83	31
USGS	04111500	00060	1		2000	2	6.44	29
USGS	04111500	00060	1		2000	3	6.09	31
USGS	04111500	00060	1		2000	4	11.3	30
USGS	04111500	00060	1		2000	5	25.0	31
USGS	04111500	00060	1		2000	6	15.1	30
USGS	04111500	00060	1		2000	7	6.86	31
USGS	04111500	00060	1		2000	8	3.41	31
USGS	04111500	00060	1		2000	9	4.87	30
USGS	04111500	00060	1		2000	10	7.09	31
USGS	04111500	00060	1		2000	11	10.6	30
USGS	04111500	00060	1		2000	12	8.40	31
USGS	04111500	00060	1		2001	1	11.5	31
USGS	04111500	00060	1		2001	2	62.5	28
USGS	04111500	00060	1		2001	3	16.3	31
USGS	04111500	00060	1		2001	4	15.4	30
USGS	04111500	00060	1		2001	5	41.4	31
USGS	04111500	00060	1		2001	6	12.0	30
USGS	04111500	00060	1		2001	7	1.74	31
USGS	04111500	00060	1		2001	8	0.680	31
USGS	04111500	00060	1		2001	9	2.71	30
USGS	04111500	00060	1		2001	10	28.2	31
USGS	04111500	00060	1		2001	11	15.7	30
USGS	04111500	00060	1		2001	12	16.9	31
USGS	04111500	00060	1		2002	1	12.0	31
USGS	04111500	00060	1		2002	2	21.4	28
USGS	04111500	00060	1		2002	3	24.1	31
USGS	04111500	00060	1		2002	4	14.8	30
USGS	04111500	00060	1		2002	5	14.1	31
USGS	04111500	00060	1		2002	6	3.08	30
USGS	04111500	00060	1		2002	7	0.835	31
USGS	04111500	00060	1		2002	8	0.613	31
USGS	04111500	00060	1		2002	9	0.193	30
USGS	04111500	00060	1		2002	10	0.522	31
USGS	04111500	00060	1		2002	11	1.07	30
USGS	04111500	00060	1		2002	12	1.45	31
USGS	04111500	00060	1		2003	1	1.43	31
USGS	04111500	00060	1		2003	2	1.28	28
USGS	04111500	00060	1		2003	3	13.4	31
USGS	04111500	00060	1		2003	4	22.3	30
USGS	04111500	00060	1		2003	5	11.4	31
USGS	04111500	00060	1		2003	6	8.31	30
USGS	04111500	00060	1		2003	7	1.31	31
USGS	04111500	00060	1		2003	8	0.480	31
USGS	04111500	00060	1		2003	9	0.529	30
USGS	04111500	00060	1		2003	10	1.47	31
USGS	04111500	00060	1		2003	11	11.8	30
USGS	04111500	00060	1		2003	12	11.4	31
USGS	04111500	00060	1		2004	1	10.2	31
USGS	04111500	00060	1		2004	2	11.6	29
USGS	04111500	00060	1		2004	3	30.6	31
USGS	04111500	00060	1		2004	4	7.01	30
USGS	04111500	00060	1		2004	5	44.7	31
USGS	04111500	00060	1		2004	6	18.4	30
USGS	04111500	00060	1		2004	7	6.50	31
USGS	04111500	00060	1		2004	8	3.97	31
USGS	04111500	00060	1		2004	9	1.20	30
USGS	04111500	00060	1		2004	10	1.71	31
USGS	04111500	00060	1		2004	11	10.7	30
USGS	04111500	00060	1		2004	12	21.5	31
USGS	04111500	00060	1		2005	1	36.5	31
USGS	04111500	00060	1		2005	2	29.1	28
USGS	04111500	00060	1		2005	3	25.4	31
USGS	04111500	00060	1		2005	4	9.59	30
USGS	04111500	00060	1		2005	5	5.27	31
USGS	04111500	00060	1		2005	6	2.72	30
USGS	04111500	00060	1		2005	7	1.50	31
USGS	04111500	00060	1		2005	8	0.456	31
USGS	04111500	00060	1		2005	9	0.252	30
USGS	04111500	00060	1		2005	10	0.364	31
USGS	04111500	00060	1		2005	11	1.45	30
USGS	04111500	00060	1		2005	12	2.99	31
USGS	04111500	00060	1		2006	1	20.0	31
USGS	04111500	00060	1		2006	2	21.7	28
USGS	04111500	00060	1		2006	3	34.1	31
USGS	04111500	00060	1		2006	4	15.4	30
USGS	04111500	00060	1		2006	5	23.2	31
USGS	04111500	00060	1		2006	6	4.65	30
USGS	04111500	00060	1		2006	7	1.33	31
USGS	04111500	00060	1		2006	8	0.785	31
USGS	04111500	00060	1		2006	9	1.56	30
USGS	04111500	00060	1		2006	10	7.99	31
USGS	04111500	00060	1		2006	11	15.5	30
USGS	04111500	00060	1		2006	12	26.1	31
USGS	04111500	00060	1		2007	1	32.3	31
USGS	04111500	00060	1		2007	2	6.35	28
USGS	04111500	00060	1		2007	3	29.1	31
USGS	04111500	00060	1		2007	4	16.7	30
USGS	04111500	00060	1		2007	5	18.0	31
USGS	04111500	00060	1		2007	6	11.3	30
USGS	04111500	00060	1		2007	7	1.03	31
USGS	04111500	00060	1		2007	8	1.63	31
USGS	04111500	00060	1		2007	9	1.47	30
USGS	04111500	00060	1		2007	10	3.07	31
USGS	04111500	00060	1		2007	11	4.58	30
USGS	04111500	00060	1		2007	12	13.4	31
USGS	04111500	00060	1		2008	1	43.2	31
USGS	04111500	00060	1		2008	2	28.3	29
USGS	04111500	00060	1		2008	3	37.9	31
USGS	04111500	00060	1		2008	4	26.0	30
USGS	04111500	00060	1		2008	5	5.65	31
USGS	04111500	00060	1		2008	6	16.0	30
USGS	04111500	00060	1		2008	7	7.32	31
USGS	04111500	00060	1		2008	8	0.858	31
USGS	04111500	00060	1		2008	9	33.1	30
USGS	04111500	00060	1		2008	10	7.17	31
USGS	04111500	00060	1		2008	11	7.54	30
USGS	04111500	00060	1		2008	12	35.5	31
USGS	04111500	00060	1		2009	1	11.9	31
USGS	04111500	00060	1		2009	2	47.6	28
USGS	04111500	00060	1		2009	3	39.8	31
USGS	04111500	00060	1		2009	4	38.9	30
USGS	04111500	00060	1		2009	5	20.3	31
USGS	04111500	00060	1		2009	6	22.5	30
USGS	04111500	00060	1		2009	7	4.95	31
USGS	04111500	00060	1		2009	8	2.65	31
USGS	04111500	00060	1		2009	9	1.16	30
USGS	04111500	00060	1		2009	10	4.70	31
USGS	04111500	00060	1		2009	11	5.79	30
USGS	04111500	00060	1		2009	12	11.4	31
USGS	04111500	00060	1		2010	1	9.31	31
USGS	04111500	00060	1		2010	2	4.91	28
USGS	04111500	00060	1		2010	3	32.7	31
USGS	04111500	00060	1		2010	4	12.4	30
USGS	04111500	00060	1		2010	5	21.8	31
USGS	04111500	00060	1		2010	6	18.5	30
USGS	04111500	00060	1		2010	7	4.25	31
USGS	04111500	00060	1		2010	8	1.87	31
USGS	04111500	00060	1		2010	9	1.18	30
USGS	04111500	00060	1		2010	10	1.31	31
USGS	04111500	00060	1		2010	11	1.94	30
USGS	04111500	00060	1		2010	12	1.97	31
USGS	04111500	00060	1		2011	1	3.77	31
USGS	04111500	00060	1		2011	2	11.5	28
USGS	04111500	00060	1		2011	3	46.3	31
USGS	04111500	00060	1		2011	4	38.4	30
USGS	04111500	00060	1		2011	5	53.1	31
USGS	04111500	00060	1		2011	6	13.2	30
USGS	04111500	00060	1		2011	7	27.9	31
USGS	04111500	00060	1		2011	8	12.9	31
USGS	04111500	00060	1		2011	9	6.02	30
