DateSeq	precCMS	evapCMS	rOffCMS	NBScCMS	dStoCMS	stmrCMS	divrCMS	NBSrCMS
1948-01-01	2116	4060.2	600	-1344	-2760	2150	100	-710
1948-02-01	1055	3010.6	616	-1340	-2620	2120	80	-580
1948-03-01	1656	1765.3	804	695	-920	2100	60	1120
1948-04-01	3045	438.7	4172	6779	5700	2120	70	7750
1948-05-01	660	231.7	2306	2734	610	2100	230	2480
1948-06-01	1651	-76.7	903	2630	950	1950	260	2640
1948-07-01	2263	8.3	765	3020	1530	1840	260	3110
1948-08-01	1995	592.2	757	2161	1530	1780	210	3100
1948-09-01	796	1802	664	-342	-1270	1640	130	240
1948-10-01	1183	3116.8	581	-1353	-2450	1670	100	-880
1948-11-01	3401	3327.7	739	812	320	1670	90	1900
1948-12-01	2183	3795.7	766	-846	-2150	1610	130	-670
1949-01-01	2254	2854.7	691	90	-1530	1610	100	-20
1949-02-01	1836	503.6	709	2041	-1700	1610	100	-190
1949-03-01	1904	181.8	753	2474	-920	1610	100	590
1949-04-01	483	570.5	2406	2319	1580	1670	140	3110
1949-05-01	2374	179	2980	5174	3680	1780	290	5170
1949-06-01	3166	-143.2	1185	4494	3480	1810	300	4990
1949-07-01	3621	-236.9	1581	5439	3370	1730	150	4950
1949-08-01	1564	24.5	765	2304	-310	1870	140	1420
1949-09-01	2621	1583.1	678	1716	-950	2040	100	990
1949-10-01	2957	2199.9	1105	1862	310	2040	100	2250
1949-11-01	2536	3607.4	1028	-44	-2220	2040	130	-310
1949-12-01	1473	3476.3	782	-1221	-2150	1900	140	-390
1950-01-01	3054	1559.9	767	2261	-1230	1780	140	410
1950-02-01	1401	130.7	791	2061	-2040	1870	120	-290
1950-03-01	1632	240	796	2187	-310	1870	110	1450
1950-04-01	2416	412.1	2181	4185	2530	1870	100	4300
1950-05-01	2626	143.5	7665	10147	8280	1930	250	9960
1950-06-01	3072	-169.1	2817	6058	3480	2970	60	6390
1950-07-01	2399	-194	2175	4768	1840	3510	70	5280
1950-08-01	2537	-86.7	1484	4107	0	3600	60	3540
1950-09-01	1755	572.7	1110	2292	-1270	3570	200	2100
1950-10-01	1953	1777.2	1256	1432	-920	3510	100	2490
1950-11-01	3292	3535.5	1184	941	-1270	3430	190	1970
1950-12-01	1793	2691.9	1270	371	-3980	3170	190	-1000
1951-01-01	1101	578.7	1158	1680	-2760	2320	140	-580
1951-02-01	2268	-214.8	1202	3685	340	2270	100	2510
1951-03-01	2657	-176.3	1416	4249	0	2270	90	2180
1951-04-01	1956	34.5	4035	5956	3800	2940	70	6670
1951-05-01	1530	67.4	3820	5283	2150	3450	130	5470
1951-06-01	3534	-128	2277	5939	2220	3480	80	5620
1951-07-01	1604	-189.1	1506	3299	0	3510	100	3410
1951-08-01	3392	-5.5	1126	4523	920	3450	130	4240
1951-09-01	4053	1379.1	1847	4521	630	3510	110	4030
1951-10-01	2364	2384.2	2090	2070	-920	3510	220	2370
1951-11-01	1840	3898.2	2066	8	-2530	3430	210	690
1951-12-01	1534	2933.8	1564	165	-2450	2920	270	200
1952-01-01	1659	678.6	1334	2314	-1840	2380	180	360
1952-02-01	635	53.1	1335	1917	-2620	2320	140	-440
1952-03-01	1399	101.5	1403	2701	-1230	2290	110	950
1952-04-01	1346	293	3395	4448	3170	2320	60	5430
1952-05-01	1626	13.2	1862	3474	0	3030	30	3000
1952-06-01	3500	-175.8	1695	5371	3480	2210	60	5630
1952-07-01	3663	-238.5	2364	6265	4900	1900	60	6740
1952-08-01	2506	-3.1	1591	4099	0	3310	40	3270
1952-09-01	1040	1323.4	1176	893	-2850	3310	40	420
1952-10-01	835	3375.5	974	-1567	-5520	3230	40	-2330
1952-11-01	1761	3154.1	1010	-384	-2850	3030	20	160
1952-12-01	1011	2693.8	1027	-656	-2760	2120	100	-740
1953-01-01	1473	2193.5	973	253	-1840	2100	170	90
1953-02-01	1764	434.4	953	2282	-1360	2040	110	570
1953-03-01	1600	270	1391	2721	-310	1980	90	1580
1953-04-01	1775	545.4	2361	3590	2530	2210	90	4650
1953-05-01	3532	81.2	3248	6699	4290	2630	150	6770
1953-06-01	3183	-195.4	3073	6451	4430	2780	260	6950
1953-07-01	2983	-198.3	2266	5448	1530	3030	260	4300
1953-08-01	2613	-124.8	1786	4524	310	3400	40	3670
1953-09-01	2533	1503.3	1142	2172	-2850	3370	40	480
1953-10-01	871	1858.5	1003	16	-3370	3230	90	-230
1953-11-01	1810	2958.1	1043	-105	-2850	2860	220	-210
1953-12-01	2062	3650.7	1170	-419	-2150	2270	150	-30
1954-01-01	2010	2601.8	1114	521	-2150	2100	210	-260
1954-02-01	1260	721.5	1229	1768	-1360	2040	160	520
1954-03-01	1452	1421.1	1288	1318	-1530	2040	120	390
1954-04-01	2979	570.5	3548	5957	4430	2010	110	6330
1954-05-01	3039	237.6	4381	7182	5520	2150	210	7460
1954-06-01	2517	-177.4	2678	5373	3480	2180	70	5590
1954-07-01	950	-167.7	1443	2561	-310	2830	40	2480
1954-08-01	1631	84	1165	2712	-1840	3280	170	1270
1954-09-01	2945	956.6	1057	3046	-1270	3200	170	1760
1954-10-01	1946	1901.7	1301	1346	-2150	2720	170	400
1954-11-01	1161	2061.7	1227	326	-1580	2150	180	390
1954-12-01	665	2957.1	1108	-1184	-3370	1840	210	-1740
1955-01-01	1496	3069.6	1083	-491	-2760	1760	140	-1140
1955-02-01	1402	2628.4	1079	-148	-1360	1760	130	270
1955-03-01	2899	2515	1105	1489	-310	1730	110	1310
1955-04-01	1449	97.2	3053	4406	4120	1700	120	5700
1955-05-01	2402	10.4	1701	4092	2150	2040	280	3910
1955-06-01	1673	-176.4	1247	3096	950	2120	310	2760
1955-07-01	2674	-261.2	1118	4053	1840	1980	280	3540
1955-08-01	2754	236.6	1206	3723	1230	1870	160	2940
1955-09-01	3048	1718.7	1010	2339	0	1160	120	1040
1955-10-01	3177	1478.7	1146	2844	310	1420	110	1620
1955-11-01	2695	3885.8	1243	53	-630	2380	120	1630
1955-12-01	1883	4129.2	1117	-1130	-3060	2180	130	-1010
1956-01-01	1179	2840.6	1085	-576	-2150	2100	120	-170
1956-02-01	673	2335.6	1072	-591	-2950	2100	110	-960
1956-03-01	658	1070.1	945	533	-2150	2070	100	-180
1956-04-01	1394	1032.3	2547	2908	950	2150	90	3010
1956-05-01	2697	491.1	2653	4860	4290	1950	140	6100
1956-06-01	2120	-140.3	1495	3755	2220	1730	410	3540
1956-07-01	2518	-181.8	1426	4126	3060	1760	320	4500
1956-08-01	2228	-44.4	1064	3336	310	2040	200	2150
1956-09-01	2080	1406	1084	1758	-950	2040	140	950
1956-10-01	756	1701.2	958	13	-1840	2070	120	110
1956-11-01	2205	3732.2	1110	-417	-1900	1980	120	-40
1956-12-01	2123	3258.7	1047	-89	-1840	1950	130	-20
1957-01-01	1440	1741.7	982	681	-3680	1900	110	-1890
1957-02-01	1277	34.6	983	2225	-1360	1870	90	420
1957-03-01	1129	266.4	1095	1957	0	1610	80	1530
1957-04-01	1696	350	3002	4349	3800	1610	90	5320
1957-05-01	1652	229	1934	3358	2150	1470	270	3350
1957-06-01	2865	-123.2	1582	4570	3800	1530	310	5020
1957-07-01	1580	-178.4	1729	3487	1840	1530	80	3290
1957-08-01	1310	95.6	1040	2254	-310	1810	190	1310
1957-09-01	3088	1481.7	1058	2665	0	1900	120	1780
1957-10-01	1007	2099.4	1001	-92	-2150	1900	120	-370
1957-11-01	2823	3603.6	1288	507	-320	1870	160	1390
1957-12-01	1282	3006.7	1154	-571	-2450	1840	130	-740
1958-01-01	1169	2102.8	1123	189	-1840	2010	110	60
1958-02-01	819	834.2	1100	1085	-2380	2010	110	-480
1958-03-01	466	231.4	1079	1313	-1530	1950	100	320
1958-04-01	1079	814	1777	2042	1270	1730	110	2890
1958-05-01	1527	290.6	1161	2397	920	1760	250	2430
1958-06-01	2709	-46.6	1240	3996	3170	1760	320	4610
1958-07-01	2796	-188.2	1611	4595	3060	1610	230	4440
1958-08-01	3364	67.4	1129	4426	1230	1590	170	2650
1958-09-01	2491	1175.1	1388	2704	950	1610	150	2410
1958-10-01	1455	1891.3	1148	711	-1230	1870	200	440
1958-11-01	3225	3724.6	1437	938	-630	1950	250	1070
1958-12-01	1933	3747.3	1294	-520	-2760	1870	190	-1080
1959-01-01	1143	1468	1171	847	-2450	1870	160	-740
1959-02-01	744	99.8	1176	1820	-1700	1900	140	60
1959-03-01	1006	268.8	1173	1910	-920	1840	110	810
1959-04-01	922	551.8	1838	2209	1270	1980	100	3150
1959-05-01	3396	49.7	2473	5820	4900	1980	140	6740
1959-06-01	1938	-138.4	1546	3622	2530	1950	340	4140
1959-07-01	1713	-182.7	1166	3061	920	1900	360	2460
1959-08-01	4835	-155.7	1062	6053	3980	1950	260	5670
1959-09-01	4119	1154.5	1524	4488	1900	2120	190	3830
1959-10-01	3082	2570.2	2058	2569	-1230	3170	170	1770
1959-11-01	1655	3921	1677	-589	-4120	3340	150	-930
1959-12-01	1038	2641.6	1225	-378	-2760	2520	140	-380
1960-01-01	1503	2015.1	1194	681	-1840	2100	120	140
1960-02-01	1008	429.9	1083	1660	-2620	2040	110	-690
1960-03-01	871	146.5	1022	1747	-1840	1950	90	20
1960-04-01	3474	279.4	3230	6424	5070	1870	90	6850
1960-05-01	3027	118.6	4238	7146	5520	1930	170	7280
1960-06-01	2042	-99.5	1722	3863	630	3140	280	3490
1960-07-01	2314	-147.7	1024	3486	310	3260	220	3350
1960-08-01	2001	-107	946	3054	-610	2970	140	2220
1960-09-01	2238	1153.3	974	2059	-1900	2920	100	920
1960-10-01	1939	2201.2	918	657	-2450	2610	80	80
1960-11-01	2345	3497.8	1254	101	-320	2070	100	1650
1960-12-01	1167	3578.7	1112	-1300	-3680	1930	110	-1860
1961-01-01	866	1829	964	1	-2450	1900	110	-660
1961-02-01	1249	185	954	2017	-680	1900	100	1120
1961-03-01	1573	204.5	1120	2488	0	1870	100	1770
1961-04-01	1330	389.3	2266	3207	1580	1870	100	3350
1961-05-01	2299	261.8	2706	4743	3060	1930	270	4720
1961-06-01	1811	-94.1	1612	3517	1270	1950	370	2850
1961-07-01	1592	-166.4	1168	2926	920	1840	220	2540
1961-08-01	1242	-22.1	932	2197	-610	1610	140	860
1961-09-01	4024	1509.3	1245	3760	950	1610	100	2460
1961-10-01	1959	2114.7	1494	1338	0	1640	110	1530
1961-11-01	2078	2998.9	1505	584	-1900	1840	130	-190
1961-12-01	1586	3447.5	1226	-636	-1840	1840	120	-120
1962-01-01	1643	2247.8	1107	503	-3060	1810	110	-1360
1962-02-01	1800	122.9	1081	2759	-340	1840	110	1390
1962-03-01	416	280.5	1174	1310	-920	1810	100	790
1962-04-01	1372	529	1812	2655	950	1780	90	2640
1962-05-01	2808	39.2	2707	5475	4600	1700	140	6160
1962-06-01	1390	-104.2	1514	3008	1270	1700	290	2680
1962-07-01	1534	-128.7	994	2657	920	1780	240	2460
1962-08-01	2851	-41.1	1055	3947	1530	1700	220	3010
1962-09-01	2803	1388.9	1145	2559	630	1590	230	1990
1962-10-01	906	1824.4	1043	125	-2150	1810	170	-510
1962-11-01	843	2740.2	1091	-806	-2850	1930	130	-1050
1962-12-01	1679	3527.2	1003	-845	-2760	1840	110	-1030
1963-01-01	1307	1675.2	991	623	-1530	1760	110	120
1963-02-01	1140	93.3	984	2031	-2040	1840	100	-300
1963-03-01	1449	137.9	1105	2416	310	1700	90	1920
1963-04-01	2049	522.9	1923	3448	2530	1610	90	4050
1963-05-01	1598	167.7	1813	3243	2150	1730	120	3760
1963-06-01	3032	-133	2234	5398	4120	1730	240	5610
1963-07-01	1294	-164.9	1140	2598	610	1780	200	2190
1963-08-01	2329	15.3	1032	3346	920	1760	280	2400
1963-09-01	1523	853.9	1027	1696	-630	2040	260	1150
1963-10-01	734	793.6	952	893	-1230	1810	170	410
1963-11-01	1785	2604.9	1022	203	-1580	1870	120	170
1963-12-01	1816	4072.5	1009	-1247	-3370	1590	100	-1880
1964-01-01	1514	2543.2	1006	-23	-1230	1670	100	340
1964-02-01	1020	2273.3	1053	-201	-2620	1930	100	-790
1964-03-01	1363	2181.5	1121	302	-1530	1930	90	310
1964-04-01	2735	609.4	2484	4609	3800	1930	100	5630
1964-05-01	3392	-51.8	3657	7101	5820	1980	320	7480
1964-06-01	2564	-98.5	2299	4962	3170	2040	360	4850
1964-07-01	1573	-92.3	1706	3371	610	2290	210	2690
1964-08-01	3041	669.5	1339	3711	1230	2830	340	3720
1964-09-01	3239	1519.4	1528	3247	630	3030	300	3360
1964-10-01	1587	1989.4	1689	1286	-2450	3140	360	330
1964-11-01	1829	2648.6	1675	855	-1900	3280	260	1120
1964-12-01	2171	3622.2	1519	67	-2760	2630	190	-320
1965-01-01	1592	3547.4	1344	-612	-2760	2440	150	-470
1965-02-01	2323	1739.3	1371	1955	-1700	2380	130	550
1965-03-01	1297	839.6	1397	1854	-920	2350	140	1290
1965-04-01	1330	296.5	2834	3868	2220	2320	130	4410
1965-05-01	3171	-25.4	3257	6454	4600	2660	190	7070
1965-06-01	1970	-82.7	1848	3900	950	2800	240	3510
1965-07-01	2435	-102.4	1193	3730	610	3200	210	3600
1965-08-01	2498	337.8	1120	3280	310	3230	170	3370
1965-09-01	4300	1313.2	1348	4335	630	3060	140	3550
1965-10-01	1775	1881.2	2047	1941	-610	2890	200	2080
1965-11-01	3179	3175.7	1699	1703	-320	2890	220	2350
1965-12-01	1688	2804.7	1633	517	-1840	2410	210	360
1966-01-01	1966	3630.2	1617	-47	-1840	2180	190	150
1966-02-01	1179	1109.7	1526	1595	-1700	2180	160	320
1966-03-01	2104	972.3	1937	3069	610	2180	130	2660
1966-04-01	1185	571.4	3031	3645	1900	2290	130	4060
1966-05-01	1308	438.6	3563	4432	3060	2270	240	5090
1966-06-01	1452	-122.9	2414	3989	1580	2240	500	3320
1966-07-01	1605	-113.7	1472	3191	610	2720	140	3190
1966-08-01	3534	200.8	1425	4759	1530	2720	290	3960
1966-09-01	1564	1774.4	1238	1028	-2530	2940	180	230
1966-10-01	2807	2615	1539	1732	-310	2550	130	2110
1966-11-01	1705	3536.1	1543	-288	-1900	2270	110	260
1966-12-01	1738	3560.6	1471	-351	-2150	2120	100	-130
1967-01-01	2137	3196.5	1375	315	-1230	2010	110	670
1967-02-01	1655	1657.5	1426	1424	-1700	2040	90	250
1967-03-01	1167	566.2	1511	2112	-610	2010	80	1320
1967-04-01	1914	472.3	3611	5053	4750	2010	100	6660
1967-05-01	951	360.2	2770	3361	920	2410	180	3150
1967-06-01	3254	-145.1	2216	5615	3170	2550	380	5340
1967-07-01	1694	-147.7	1287	3129	310	2550	270	2590
1967-08-01	2970	207.8	1238	4000	610	2610	180	3040
1967-09-01	935	1345.8	1163	752	-2530	2460	110	-180
1967-10-01	2978	2157.9	1422	2242	0	2010	90	1920
1967-11-01	1779	2992	1447	234	-2220	2040	100	-280
1967-12-01	1487	3412.9	1118	-808	-2450	1980	100	-570
1968-01-01	1063	2707.2	1028	-616	-2450	1950	110	-610
1968-02-01	1291	2011.5	1010	290	-2290	1950	90	-430
1968-03-01	1639	554.5	1466	2550	310	1900	80	2130
1968-04-01	2728	338.3	3278	5669	4750	1950	110	6590
1968-05-01	2183	64.7	2300	4418	2450	1980	280	4150
1968-06-01	3960	-147.6	3104	7212	5700	1980	450	7230
1968-07-01	3727	-172.9	2706	6606	3980	2830	280	6530
1968-08-01	2689	197.4	1824	4315	1530	3450	110	4870
1968-09-01	3603	580.3	1964	4987	1270	3480	100	4650
1968-10-01	2776	1864.3	2524	3435	-610	3510	80	2820
1968-11-01	909	3293.8	1984	-400	-4120	3480	360	-1000
1968-12-01	2670	3888	1739	521	-1840	2970	250	880
1969-01-01	2803	3003.7	1647	1447	-610	2350	180	1560
1969-02-01	773	1604.2	1661	830	-2380	2610	160	70
1969-03-01	500	1719.3	1642	422	-2150	2690	130	410
1969-04-01	1693	331.9	4290	5651	2850	2920	120	5650
1969-05-01	1623	125.7	3140	4638	1530	3260	300	4490
1969-06-01	2144	-68.7	1984	4196	630	3280	460	3450
1969-07-01	1506	-135.5	1645	3287	0	3280	150	3130
1969-08-01	2089	5.5	1273	3357	0	3310	40	3270
1969-09-01	1802	1329.4	1200	1673	-2220	2970	350	400
1969-10-01	2616	2350.8	1393	1659	-1230	1950	250	470
1969-11-01	1154	2774.7	1435	-185	-1900	1900	190	-190
1969-12-01	1574	3053.9	1271	-209	-2760	1930	150	-980
1970-01-01	1815	3151.7	1262	-75	-1530	1930	140	260
1970-02-01	946	1862.1	1236	321	-2040	2350	130	180
1970-03-01	826	894.4	1172	1104	-1530	1980	110	340
1970-04-01	1747	470.7	2364	3640	3170	1810	90	4890
1970-05-01	3928	132.4	3619	7414	5820	1810	180	7450
1970-06-01	1671	-106.7	2315	4093	2530	1840	320	4050
1970-07-01	3122	-159.4	1546	4827	3060	1840	270	4630
1970-08-01	969	263.9	1205	1911	-920	2720	250	1550
1970-09-01	3432	1357.6	1354	3428	0	2240	250	1990
1970-10-01	3320	1538.5	1739	3520	1530	1840	350	3020
1970-11-01	2350	3096.5	2230	1484	-320	2440	80	2040
1970-12-01	1730	3400	1718	48	-2150	2860	180	530
1971-01-01	2135	3719.4	1354	-230	-3370	2630	200	-940
1971-02-01	2166	1186.1	1316	2295	340	2350	170	2520
1971-03-01	1542	843.9	1493	2191	-920	2380	140	1320
1971-04-01	974	495.7	3982	4460	2530	2690	140	5080
1971-05-01	2993	76.9	3822	6738	3680	3060	270	6470
1971-06-01	2660	-104.5	2521	5285	1900	3200	330	4770
1971-07-01	2279	-35.3	1394	3709	0	3230	240	2990
1971-08-01	1660	480	1123	2303	-310	3000	160	2530
1971-09-01	2419	1043.4	1005	2381	-1270	3060	100	1690
1971-10-01	3252	1412.5	1740	3580	0	3200	140	3060
1971-11-01	2457	3041.7	2415	1831	-1580	3170	320	1270
1971-12-01	1939	3561.8	1636	13	-2760	2800	300	-260
1972-01-01	2517	3952.3	1309	-127	-1530	2290	210	550
1972-02-01	1547	1537.4	1256	1265	-1640	2070	160	270
1972-03-01	2011	751.6	1284	2544	310	2120	120	2310
1972-04-01	1200	490	2521	3231	2220	2120	100	4240
1972-05-01	1594	6.1	4177	5765	2760	3140	210	5690
1972-06-01	2071	-69.4	1757	3897	0	3280	240	3040
1972-07-01	3363	-117.1	1561	5041	1840	3230	160	4910
1972-08-01	3526	87.1	1985	5424	2450	3200	140	5510
1972-09-01	2848	1754.4	1668	2762	0	3260	130	3130
1972-10-01	1153	2574.8	1629	207	-3060	3140	150	-70
1972-11-01	1694	2323.9	1608	979	-2220	3280	160	900
1972-12-01	2216	3616.4	1063	-337	-2760	2440	160	-480
1973-01-01	1393	2258.8	1059	193	-2450	2120	130	-460
1973-02-01	1066	2218.5	985	-168	-1360	1610	100	150
1973-03-01	1604	650.1	1828	2782	2150	1500	90	3560
1973-04-01	1466	687.7	2580	3359	1900	1560	80	3380
1973-05-01	3299	150.2	3162	6311	4600	1560	180	5980
1973-06-01	2838	-153.9	1741	4733	2850	1590	230	4210
1973-07-01	2801	-113.1	1379	4293	1840	2270	240	3870
1973-08-01	3120	51.2	1370	4439	1530	2750	240	4040
1973-09-01	2531	1649.3	1302	2183	-1900	3340	210	1230
1973-10-01	1446	1479	1567	1535	-1230	2630	170	1230
1973-11-01	1853	3089.2	1439	203	-2850	2380	160	-630
1973-12-01	1803	3373	1156	-413	-2760	2410	160	-510
1974-01-01	1806	2877.4	939	-133	-1840	2150	130	180
1974-02-01	1214	2323	934	-175	-2040	2120	120	-40
1974-03-01	866	1875	937	-72	-1840	2120	100	180
1974-04-01	2133	568.6	2592	4157	3480	2120	90	5510
1974-05-01	2148	167.1	3421	5402	2760	2070	130	4700
1974-06-01	2960	-124.2	2743	5828	3480	2410	40	5850
1974-07-01	2323	-138.9	1566	4028	2150	2150	40	4260
1974-08-01	2912	325.2	1440	4027	2150	2120	120	4150
1974-09-01	2279	1698.1	1366	1947	-630	2100	240	1230
1974-10-01	1799	1712.6	1593	1679	-610	2070	250	1210
1974-11-01	2450	2417.4	1781	1813	-950	2380	250	1180
1974-12-01	1122	2819.1	1295	-403	-2760	2750	190	-200
1975-01-01	3101	3041.7	1288	1347	-1530	2460	150	780
1975-02-01	1633	2073.2	1191	751	-1700	2410	130	580
1975-03-01	1639	2056.5	1172	755	-2150	2440	110	180
1975-04-01	1236	989.2	2778	3024	630	2610	90	3150
1975-05-01	1663	-45.1	3491	5199	2450	2780	170	5060
1975-06-01	3392	-140.6	2117	5650	2850	2520	280	5090
1975-07-01	1516	-89.5	1243	2849	610	2380	260	2730
1975-08-01	1500	523.9	829	1806	-1230	2290	170	890
1975-09-01	2560	1728.8	938	1769	-320	2100	130	1650
1975-10-01	1452	1756.1	933	629	-2150	1870	100	-380
1975-11-01	3430	2507.7	1307	2229	1270	1930	120	3080
1975-12-01	1811	3401.8	1188	-403	-2450	1980	120	-590
1976-01-01	2549	3347.9	980	182	-2150	1980	120	-290
1976-02-01	1832	1934.2	984	883	-1310	1950	100	540
1976-03-01	3264	1830.6	1426	2860	920	1950	80	2790
1976-04-01	1266	407.3	4661	5519	3480	2040	80	5440
1976-05-01	864	211.8	2343	2996	310	2380	190	2500
1976-06-01	2755	-109.9	1418	4283	2220	2320	210	4330
1976-07-01	1547	87.7	976	2435	310	2270	170	2410
1976-08-01	803	925.7	775	652	-1530	2040	130	380
1976-09-01	1081	2334.4	686	-568	-3170	1930	90	-1330
1976-10-01	1134	2359	697	-528	-2760	1810	70	-1020
1976-11-01	1213	3687.2	750	-1724	-3170	1610	60	-1620
1976-12-01	1948	4060.9	642	-1471	-3370	1700	50	-1720
1977-01-01	1786	3179.3	505	-888	-1840	1730	40	-150
1977-02-01	1407	1362.2	519	564	-1360	1730	40	330
1977-03-01	3247	726.8	1126	3647	2450	1730	50	4130
1977-04-01	1653	503.6	2710	3859	1900	1760	60	3600
1977-05-01	1437	-38.6	1494	2970	1230	1730	190	2770
1977-06-01	2692	-150.1	1032	3874	1900	1760	210	3450
1977-07-01	2944	-15.9	918	3878	2760	1530	220	4070
1977-08-01	4062	960.3	784	3886	2150	1700	200	3650
1977-09-01	4670	1292.6	2502	5880	5070	1870	220	6720
1977-10-01	1828	2802.6	2354	1379	-1230	2780	220	1330
1977-11-01	2288	3438.3	2006	856	-1270	3140	170	1700
1977-12-01	2343	4514.5	1465	-707	-1840	2550	160	550
1978-01-01	1640	3997.1	1194	-1163	-3060	2210	150	-1000
1978-02-01	816	1123.3	1076	769	-2720	2180	130	-670
1978-03-01	833	703.2	993	1122	-1230	2150	100	820
1978-04-01	1198	846	2190	2541	320	2150	90	2380
1978-05-01	2578	84	2418	4911	2760	2320	130	4950
1978-06-01	2134	-88.1	2043	4265	2220	2410	350	4280
1978-07-01	3437	-158.2	1554	5149	2150	2440	310	4280
1978-08-01	3135	75.1	1315	4375	2150	2630	230	4550
1978-09-01	2449	1180.2	1202	2470	-630	2750	200	1920
1978-10-01	1240	2719.5	1071	-409	-3370	2800	160	-730
1978-11-01	2750	3788.6	996	-42	-2850	2750	120	-220
1978-12-01	2261	3423.6	1012	-150	-2760	2100	120	-780
1979-01-01	1978	2825.3	975	127	-2450	1900	90	-640
1979-02-01	1738	407.2	982	2312	-680	1900	80	1140
1979-03-01	3338	493.5	1202	4047	2450	1900	70	4280
1979-04-01	1159	427.3	3729	4461	3800	1900	80	5620
1979-05-01	3070	74.8	4946	7941	5520	2320	180	7660
1979-06-01	3310	-112.8	2762	6184	3800	2750	240	6310
1979-07-01	2308	-148.7	1456	3913	310	3170	170	3310
1979-08-01	2289	99.3	1110	3300	-1230	3230	160	1840
1979-09-01	2316	1019.9	1203	2499	-1270	3200	160	1770
1979-10-01	3698	2192.6	1727	3232	-310	2750	150	2290
1979-11-01	1664	3083.2	1927	507	-950	2610	150	1510
1979-12-01	1212	3565.2	1311	-1043	-3370	2290	170	-1250
1980-01-01	3295	3245.8	1226	1276	-1230	2120	140	750
1980-02-01	1130	1189.1	1190	1131	-2290	2120	110	-280
1980-03-01	848	671.3	1199	1376	-1840	2100	90	170
1980-04-01	1454	366.2	2615	3703	2220	2150	90	4280
1980-05-01	1122	38.6	2145	3229	920	2410	170	3160
1980-06-01	2346	-65.9	1354	3766	950	2270	160	3060
1980-07-01	2274	-117.1	1025	3417	920	2180	120	2980
1980-08-01	2948	4	1094	4037	1530	2100	80	3550
1980-09-01	4360	1657.2	1644	4347	1270	2040	60	3250
1980-10-01	2005	2914.1	1718	809	-1530	2320	80	710
1980-11-01	1097	3155.7	1298	-761	-2850	2350	110	-610
1980-12-01	1971	4505.6	1053	-1481	-3370	1900	130	-1600
1981-01-01	1336	2535.9	950	-251	-2450	1900	110	-660
1981-02-01	2772	1009.6	1120	2882	680	1900	100	2480
1981-03-01	1339	833.8	1377	1883	0	1900	90	1810
1981-04-01	2317	693	3241	4864	3800	2120	90	5830
1981-05-01	1404	167.4	2379	3615	920	2490	120	3290
1981-06-01	4478	-127.3	2249	6855	4120	2720	160	6680
1981-07-01	1031	-132.1	1382	2545	-1230	2920	150	1540
1981-08-01	1635	-19.3	984	2638	-920	2750	90	1740
1981-09-01	1553	1488.1	817	882	-2530	2290	70	-310
1981-10-01	2944	2166.8	1004	1781	-310	1360	50	1000
1981-11-01	940	2769.3	732	-1098	-1580	1250	40	-370
1981-12-01	2506	3264.2	657	-101	-1840	1300	30	-570
1982-01-01	3710	3005.2	639	1343	-2150	1270	70	-950
1982-02-01	979	585.7	602	995	-1700	1270	60	-490
1982-03-01	1197	394.8	646	1448	0	1270	40	1230
1982-04-01	2062	533.7	2662	4191	3480	1300	50	4730
1982-05-01	2352	-22.1	3581	5955	4600	1730	120	6210
1982-06-01	1443	-15.8	1205	2664	630	2100	220	2510
1982-07-01	4141	-132.1	1661	5934	3980	2210	220	5970
1982-08-01	2819	237.6	1008	3589	610	2380	130	2860
1982-09-01	3070	1139	1059	2990	630	2410	130	2910
1982-10-01	3684	1615.7	2496	4564	2450	2520	170	4800
1982-11-01	2215	2968.2	2500	1747	-950	2830	170	1710
1982-12-01	2252	2914.8	1778	1116	-920	2800	180	1700
1983-01-01	1512	2610.4	1317	219	-2450	2290	150	-310
1983-02-01	910	1861.8	1141	189	-2040	2320	140	140
1983-03-01	1693	1995.5	1566	1263	-610	2460	110	1740
1983-04-01	1424	962.3	2432	2893	1900	2440	90	4250
1983-05-01	2517	377	3086	5226	2150	2920	130	4940
1983-06-01	1816	-51.3	2192	4059	950	2940	180	3710
1983-07-01	1914	-91	1319	3324	610	2920	240	3290
1983-08-01	2358	79.4	849	3128	-310	3000	240	2450
1983-09-01	3764	1658.2	910	3016	-950	2380	160	1270
1983-10-01	3343	2397	1982	2928	1530	1700	120	3110
1983-11-01	2848	3650.2	1727	925	0	2410	130	2280
1983-12-01	3060	4561.4	1386	-116	-3370	2380	120	-1110
1984-01-01	1937	2592.6	1127	471	-2760	2290	130	-600
1984-02-01	1083	1126.2	1208	1165	-330	2150	120	1700
1984-03-01	1685	1460	1099	1324	-1230	2290	100	960
1984-04-01	1411	364.9	3050	4096	2530	2290	90	4730
1984-05-01	1633	152.3	2709	4190	920	2800	260	3460
1984-06-01	3883	-115.9	2517	6515	4430	2830	300	6960
1984-07-01	1930	-107.9	1638	3676	310	3030	280	3060
1984-08-01	2438	59.2	1166	3545	310	3110	200	3220
1984-09-01	3042	1521.3	1093	2614	-1270	2920	160	1490
1984-10-01	2189	1654.3	1310	1845	-310	2100	120	1670
1984-11-01	1326	3395.2	1513	-556	-1270	1610	100	240
1984-12-01	2536	3466.8	1404	473	-1230	1930	120	580
1985-01-01	1765	2816.1	1087	36	-2450	1980	120	-590
1985-02-01	1901	1265.2	1032	1668	-1020	1980	100	860
1985-03-01	1700	1075.3	1205	1830	0	2010	90	1920
1985-04-01	1558	825.8	3126	3858	3170	1980	90	5060
1985-05-01	3037	0.9	2692	5728	3680	1980	270	5390
1985-06-01	2118	-49.4	1932	4100	1900	1930	390	3440
1985-07-01	2935	-69.6	1448	4452	2450	1900	250	4100
1985-08-01	2743	314.8	1584	4012	1530	2320	170	3680
1985-09-01	4473	1407	1769	4835	1270	2890	80	4080
1985-10-01	2422	2012.3	2901	3311	0	3450	110	3340
1985-11-01	4088	3627	2314	2775	0	3740	100	3640
1985-12-01	2554	4363.1	1500	-309	-3370	2920	100	-550
1986-01-01	1609	2779	1215	45	-2760	2410	120	-470
1986-02-01	1070	1069.3	1128	1128	-1700	2440	110	630
1986-03-01	1772	692.1	1285	2365	0	2410	90	2320
1986-04-01	1307	447.9	3985	4844	3800	2290	70	6020
1986-05-01	1091	112.5	2863	3842	0	3000	230	2770
1986-06-01	2982	-56.4	1530	4569	1580	3230	310	4500
1986-07-01	3039	-135.5	1409	4583	1230	3140	120	4250
1986-08-01	2593	286.9	1180	3486	-310	3230	200	2720
1986-09-01	2784	950.2	1467	3301	-320	3060	110	2630
1986-10-01	2307	2033.8	1468	1742	-1230	2440	110	1100
1986-11-01	1892	3721.4	1488	-341	-1580	1640	120	-60
1986-12-01	1067	2931.9	1147	-718	-3060	1980	120	-1200
1987-01-01	925	2668.6	961	-782	-2760	2010	110	-860
1987-02-01	576	1847.2	919	-352	-2040	1980	90	-150
1987-03-01	757	1629.8	1160	287	-1230	2010	70	710
1987-04-01	580	582.2	1556	1554	-320	2010	60	1630
1987-05-01	2581	155.4	1272	3697	1230	2410	70	3570
1987-06-01	1343	-72.5	785	2201	0	2180	90	2090
1987-07-01	3585	-71.1	829	4485	2450	1590	90	3950
1987-08-01	3059	717.9	816	3158	310	1560	80	1790
1987-09-01	2412	1158	790	2044	-1270	1560	110	180
1987-10-01	2413	3196.5	972	189	-2450	1670	70	-850
1987-11-01	1907	3106	1036	-163	-950	1560	60	550
1987-12-01	1573	3223.4	932	-719	-1840	1560	70	-350
1988-01-01	2288	3898.4	868	-743	-2450	1780	70	-740
1988-02-01	1413	2355.6	815	-128	-2950	1780	70	-1240
1988-03-01	1716	1189.9	856	1382	0	1780	60	1720
1988-04-01	665	639.8	2577	2603	1270	1780	50	3000
1988-05-01	1723	85.8	2192	3830	1530	1980	120	3390
1988-06-01	1452	-56.1	1040	2547	630	1930	180	2380
1988-07-01	1481	-83.1	598	2162	310	1590	210	1690
1988-08-01	5664	356.8	1259	6566	4290	1590	200	5680
1988-09-01	2344	1391.5	1370	2322	0	1980	210	1770
1988-10-01	2666	3031.5	1729	1364	-920	1900	230	750
1988-11-01	3671	2842.5	2394	3223	3480	1590	300	4770
1988-12-01	2176	3609	1595	162	-2450	2270	240	-420
1989-01-01	2134	2327.8	1348	1154	-1530	2240	180	530
1989-02-01	1643	2877.5	1297	62	-2720	2270	150	-600
1989-03-01	1162	1465.2	1197	894	-610	2180	120	1450
1989-04-01	1091	781.7	2786	3095	1900	2210	100	4010
1989-05-01	1921	153	3945	5712	3370	2630	210	5790
1989-06-01	3416	-71.3	2426	5913	2850	2660	280	5230
1989-07-01	744	-103	1282	2128	-610	2660	180	1870
1989-08-01	2152	100.2	862	2914	0	2610	140	2470
1989-09-01	1574	1497.2	900	976	-2530	2410	120	-240
1989-10-01	1737	2345.5	799	190	-920	2040	90	1030
1989-11-01	2188	4488.9	1033	-1269	-2850	1900	70	-1020
1989-12-01	2083	4182.2	835	-1264	-2760	1900	70	-930
1990-01-01	1378	2504.3	752	-374	-1840	1900	60	0
1990-02-01	1103	1715.2	792	179	-2720	1900	60	-880
1990-03-01	1150	979	1303	1474	-310	1900	70	1520
1990-04-01	1788	782.4	1964	2969	1900	1890	60	3730
1990-05-01	1791	198.9	2321	3912	1530	2040	160	3410
1990-06-01	3582	-54.2	1762	5398	4120	1600	310	5410
1990-07-01	1981	-73.9	1579	3635	1530	1860	330	3060
1990-08-01	1319	8	985	2296	-610	1830	230	990
1990-09-01	3049	938.2	1111	3222	630	1840	130	2340
1990-10-01	3284	1951.3	1599	2931	920	1670	90	2500
1990-11-01	1418	2980.2	1408	-155	-1270	1860	90	500
1990-12-01	1397	3644	1118	-1128	-2760	1720	100	-1140
1991-01-01	1680	3011.9	997	-335	-2150	1570	80	-660
1991-02-01	726	924.1	991	793	-2040	1560	80	-560
1991-03-01	1818	766.6	1213	2265	1530	1560	80	3010
1991-04-01	2072	397.5	2952	4626	2530	1930	70	4390
1991-05-01	2510	96.6	2580	4992	2760	2140	190	4710
1991-06-01	2406	-99.1	1471	3977	1900	2150	240	3810
1991-07-01	3166	-114.9	1250	4531	1530	2180	190	3520
1991-08-01	1189	132.1	748	1805	-920	2480	140	1420
1991-09-01	3674	1969.5	952	2657	-630	1950	90	1230
1991-10-01	2914	2360.9	1372	1926	610	1930	70	2470
1991-11-01	3588	3928.9	2022	1681	1270	1980	100	3150
1991-12-01	1451	3275.2	1346	-477	-2450	2340	120	-230
1992-01-01	1378	2884.4	1121	-385	-2150	2270	120	0
1992-02-01	1187	1848	1024	363	-2290	2270	120	-140
1992-03-01	657	1452.3	1219	424	-1230	2180	100	850
1992-04-01	1703	932.8	2357	3127	1270	2160	90	3340
1992-05-01	1887	147.1	3731	5471	3060	2280	230	5110
1992-06-01	1690	-26.3	1638	3354	630	2320	330	2620
1992-07-01	3571	-120.2	1595	5287	2450	2120	210	4360
1992-08-01	2584	44.1	1037	3577	610	2330	150	2790
1992-09-01	3596	1191	2188	4593	1900	2200	90	4010
1992-10-01	1757	1872.6	1973	1857	-610	2290	80	1600
1992-11-01	2077	2436.1	1792	1433	-1270	2230	100	860
1992-12-01	2412	2932.2	1333	813	-610	2120	160	1350
1993-01-01	1523	2804.7	1204	-78	-2450	2260	140	-330
1993-02-01	487	2728.5	1068	-1174	-4070	2290	120	-1900
1993-03-01	554	1632.9	1120	41	-1230	2040	100	710
1993-04-01	2325	725.7	2382	3981	2850	2110	80	4880
1993-05-01	3136	21.2	3104	6219	4290	2190	120	6360
1993-06-01	2478	-59.9	2355	4893	1900	2430	130	4200
1993-07-01	3270	-106.4	2037	5414	2760	2230	130	4860
1993-08-01	2026	34.6	1437	3428	1230	2210	170	3270
1993-09-01	2437	1786.4	1509	2159	-1580	2110	340	190
1993-10-01	2249	2334.2	1707	1622	-920	2130	320	890
1993-11-01	1624	3093	1524	55	-2530	2130	270	-670
1993-12-01	1225	2781.4	1186	-370	-1230	2050	190	630
1994-01-01	1810	3359.8	1086	-464	-3060	2120	150	-1090
1994-02-01	504	1320.8	1075	258	-1360	2150	120	670
1994-03-01	1220	744.2	1023	1499	-610	2130	90	1430
1994-04-01	2264	535.3	2284	4012	2850	2060	60	4850
1994-05-01	2303	59.2	2398	4641	2150	2390	100	4440
1994-06-01	2482	-79.5	1875	4436	1900	2340	120	4120
1994-07-01	2333	-99.6	1596	4029	1840	2200	200	3840
1994-08-01	3108	354.7	1291	4044	610	2210	230	2590
1994-09-01	2419	816.9	1229	2831	950	2140	160	2930
1994-10-01	1688	1652.5	1166	1202	-2150	2140	190	-200
1994-11-01	1883	2811.1	1195	266	-2530	2170	200	-560
1994-12-01	433	2523	1133	-957	-2450	2190	220	-480
1995-01-01	1272	3490.4	1027	-1191	-3060	2170	190	-1080
1995-02-01	1734	3293.9	1002	-558	-2720	2040	160	-840
1995-03-01	1211	1472.6	1564	1303	0	1730	130	1600
1995-04-01	1543	1001.5	1761	2303	630	1820	110	2340
1995-05-01	2734	43.8	2386	5076	2450	1950	130	4270
1995-06-01	862	-93.4	1201	2156	630	1860	320	2170
1995-07-01	3336	-17.8	1440	4794	2450	1700	260	3890
1995-08-01	2623	289.7	962	3296	1230	1990	160	3060
1995-09-01	3660	1813.4	933	2780	0	1730	90	1640
1995-10-01	4235	2170.8	2349	4413	2450	1960	180	4230
1995-11-01	2083	4384.7	1895	-407	-2530	2260	140	-410
1995-12-01	2265	3762.9	1278	-220	-2150	2050	130	-230
1996-01-01	2899	3355.8	1209	752	-920	2050	130	1000
1996-02-01	1636	1666.2	1261	1231	-660	2000	120	1220
1996-03-01	1018	1253.4	1236	1001	-610	2010	70	1330
1996-04-01	2243	776.3	2671	4137	2850	1980	50	4780
1996-05-01	1402	170.4	5552	6784	4290	2280	90	6480
1996-06-01	3403	-102.3	2805	6311	3480	2460	360	5580
1996-07-01	3543	-155.1	2007	5705	3060	2600	230	5430
1996-08-01	2487	-10.1	1725	4223	1230	2680	190	3720
1996-09-01	2663	1078.8	1401	2986	-630	3160	200	2330
1996-10-01	2951	1963.3	1511	2498	-920	3570	170	2480
1996-11-01	2121	3275.8	2186	1031	-2850	3180	260	70
1996-12-01	2367	3095	1520	792	-1530	2350	290	530
1997-01-01	3183	3119.2	1480	1543	-610	2260	220	1430
1997-02-01	688	2015.5	1375	47	-2380	2290	180	-270
1997-03-01	2004	1490.3	1382	1896	0	2300	130	2170
1997-04-01	863	739.6	3754	3877	3170	2410	110	5470
1997-05-01	2133	161.8	3403	5373	1840	2960	230	4570
1997-06-01	2357	-113.4	1697	4166	950	3190	310	3830
1997-07-01	2105	-86.1	1674	3865	310	3260	180	3390
1997-08-01	1678	400.6	795	2072	-1840	2790	110	840
1997-09-01	1953	1090.5	724	1587	0	2050	80	1970
1997-10-01	2299	2113.2	823	1009	-1840	1920	60	20
1997-11-01	1866	2761.1	970	74	-1900	1800	60	-160
1997-12-01	885	2487.8	761	-842	-2760	1800	70	-1030
1998-01-01	1447	2882.6	734	-702	-2150	1820	80	-410
1998-02-01	613	1022.5	813	404	-1360	1800	80	360
1998-03-01	2137	1943.4	1220	1414	310	1980	50	2240
1998-04-01	805	463.7	2110	2452	320	1950	40	2230
1998-05-01	1589	113.1	908	2384	610	2030	60	2580
1998-06-01	2788	272.7	907	3422	2220	1800	30	3990
1998-07-01	1595	733.2	593	1455	-920	1800	40	840
1998-08-01	1932	774.3	444	1602	-1230	1590	40	320
1998-09-01	2430	1906.8	450	974	-1900	1550	40	-390
1998-10-01	2506	2399.2	931	1038	-1840	1560	80	-360
1998-11-01	2634	3466.4	1088	256	-630	1560	160	770
1998-12-01	1951	4614.4	1144	-1519	-1840	1570	160	-430
1999-01-01	2363	4376.3	828	-1185	-1840	1570	140	-410
1999-02-01	1810	2674.6	921	56	-340	1570	100	1130
1999-03-01	715	1828.4	1060	-53	-1230	1570	90	250
1999-04-01	1244	512.8	3131	3863	2850	1520	70	4300
1999-05-01	4221	75.7	2532	6677	4290	1550	180	5660
1999-06-01	2478	93.1	1903	4288	1900	2070	250	3720
1999-07-01	3849	115.3	2123	5856	3980	2180	200	5960
1999-08-01	2586	1196.1	1319	2709	-610	2490	190	1690
1999-09-01	3245	1752.9	1227	2720	-950	2450	210	1290
1999-10-01	2899	2920.3	1562	1540	-1840	2220	290	90
1999-11-01	1295	2891.9	1363	-234	-2530	2020	340	-850
1999-12-01	1294	4064.8	1183	-1588	-2450	2040	180	-590
2000-01-01	1691	3849.7	1132	-1027	-2150	1900	160	-410
2000-02-01	753	2209.8	1235	-222	-2290	1780	140	-650
2000-03-01	1899	1210.5	2102	2791	1530	1720	110	3140
2000-04-01	1387	1080.4	2043	2349	320	1850	100	2070
2000-05-01	1863	35.3	2132	3960	1840	1870	220	3490
2000-06-01	3573	74.1	2045	5543	4430	1720	360	5790
2000-07-01	1474	320.3	1534	2688	0	2080	270	1810
2000-08-01	1580	534.3	1084	2130	-610	2180	250	1320
2000-09-01	1684	1989.8	946	640	-2530	1930	140	-740
2000-10-01	1416	1812.2	988	592	-1530	1560	130	-100
2000-11-01	2025	3045.5	1121	100	-1580	1570	130	-140
2000-12-01	1497	5166.8	794	-2876	-3060	1580	150	-1630
2001-01-01	1477	2882.6	737	-669	-1840	1600	110	-350
2001-02-01	2064	3128.6	795	-270	-1360	1570	100	110
2001-03-01	736	1604.1	930	62	-920	1540	90	530
2001-04-01	4732	294.3	5039	9476	9180	1540	70	10650
2001-05-01	2876	-52.4	3102	6030	3680	1980	220	5440
2001-06-01	2327	-142.2	1602	4071	1900	2120	320	3700
2001-07-01	1923	154.8	1052	2821	610	2290	280	2620
2001-08-01	2221	519.6	788	2490	310	2240	200	2350
2001-09-01	2050	1741.1	808	1118	-2530	2230	160	-460
2001-10-01	3371	2382.6	1208	2197	-920	1960	150	890
2001-11-01	2607	2050.6	1492	2049	630	1740	240	2130
2001-12-01	1646	3300.7	1828	173	-610	1950	260	1080
2002-01-01	730	3478.2	1326	-1422	-3370	2020	190	-1540
2002-02-01	1525	3119.1	1150	-443	-1700	1900	140	60
2002-03-01	2127	2795.5	1211	543	-920	1810	120	770
2002-04-01	2153	916.3	3748	4984	4120	1840	90	5870
2002-05-01	1933	431.3	2591	4093	1840	2050	270	3620
2002-06-01	2184	-90	1965	4239	2220	2150	420	3950
2002-07-01	2057	109.4	1324	3271	1530	2240	230	3540
2002-08-01	2378	786.2	1147	2739	-310	2270	210	1750
2002-09-01	3839	1509.6	1044	3373	950	2270	170	3050
2002-10-01	3554	3208.1	1939	2284	-610	2180	140	1430
2002-11-01	1256	3489.3	1212	-1021	-2220	2220	100	-100
2002-12-01	910	4174	1031	-2233	-3370	2090	90	-1370
2003-01-01	1120	4381.2	969	-2292	-3680	1880	90	-1890
2003-02-01	1129	2366.8	871	-367	-2040	1750	80	-370
2003-03-01	1447	812.6	1113	1748	610	1670	80	2200
2003-04-01	1939	862.2	2743	3820	2220	1780	80	3920
2003-05-01	2679	38.6	2688	5328	3370	1970	130	5210
2003-06-01	1338	-77.3	1064	2479	-320	2170	140	1710
2003-07-01	2955	-98.1	922	3975	1840	2020	140	3720
2003-08-01	1625	337.2	832	2119	-310	2100	140	1650
2003-09-01	3015	1491.5	831	2355	630	2000	170	2460
2003-10-01	1645	2124.5	1394	914	-1230	2040	230	580
2003-11-01	2016	3083.5	1467	399	-630	1740	240	870
2003-12-01	1289	2957.7	1244	-425	-2450	1780	180	-850
2004-01-01	1650	3893.2	1165	-1079	-1840	1690	140	-290
2004-02-01	1012	1749.4	1099	362	-1310	1760	120	330
2004-03-01	1620	1324.2	1477	1773	920	1740	120	2540
2004-04-01	1540	654.7	3653	4538	3480	1840	100	5220
2004-05-01	2847	143.5	2746	5449	3680	2020	240	5460
2004-06-01	1781	-33.3	2087	3901	1900	2220	420	3700
2004-07-01	1957	89.8	1306	3174	920	2260	310	2870
2004-08-01	3092	1140.3	1190	3142	920	2280	230	2970
2004-09-01	1808	700	1601	2709	320	2330	380	2270
2004-10-01	3811	2092	1752	3471	2150	2260	380	4030
2004-11-01	1237	2764.9	1730	202	-3170	2360	100	-910
2004-12-01	2270	4458.7	1306	-883	-1840	2250	70	340
2005-01-01	1804	3796	1306	-687	-2450	2080	100	-470
2005-02-01	1219	2104.8	1307	422	-680	2030	100	1250
2005-03-01	798	1826.3	1229	200	-1230	2020	100	690
2005-04-01	828	361.4	3297	3764	1580	1990	120	3450
2005-05-01	2332	141.6	2018	4208	2150	2140	290	4000
2005-06-01	3192	-153.9	1617	4963	3170	2250	310	5110
2005-07-01	1062	241.5	1051	1871	-1230	2980	270	1480
2005-08-01	1288	763.3	749	1274	-1230	2530	180	1120
2005-09-01	3037	1415.8	654	2275	-1270	2170	120	780
2005-10-01	3999	1964.8	1520	3554	1230	1900	90	3040
2005-11-01	3172	3396.4	1584	1359	-630	2160	110	1420
2005-12-01	1942	3534.2	1422	-170	-2450	2110	130	-470
2006-01-01	1560	2590.1	990	-41	-1530	1970	130	310
2006-02-01	1303	3363.5	1061	-1000	-2380	1940	120	-560
2006-03-01	1167	1637.2	1166	695	-610	1840	90	1140
2006-04-01	879	447.6	3485	3916	1900	1890	130	3660
2006-05-01	2915	178.1	2507	5244	3370	1910	320	4960
2006-06-01	1147	304.7	1157	1999	320	2150	290	2180
2006-07-01	2167	499.6	773	2440	920	2140	180	2880
2006-08-01	938	1501.4	674	111	-2760	2180	110	-690
2006-09-01	2115	2323.3	469	260	-2530	1770	70	-830
2006-10-01	1920	3206.9	543	-744	-2450	1570	60	-940
2006-11-01	1252	2580.5	655	-674	-1900	1570	60	-390
2006-12-01	2100	2992.3	680	-212	-1840	1570	60	-330
2007-01-01	1252	4641.1	659	-2730	-2450	1540	80	-990
2007-02-01	1083	4770.8	720	-2968	-3050	1360	70	-1760
2007-03-01	2150	1961.2	1293	1482	310	1280	60	1530
2007-04-01	1693	1280.9	1866	2278	1900	1390	40	3250
2007-05-01	1235	71.4	1234	2398	920	1490	70	2340
2007-06-01	2026	-110.9	1126	3263	2850	1510	260	4100
2007-07-01	1461	116.8	1331	2675	1230	1530	350	2410
2007-08-01	1089	898.1	955	1146	-610	1540	280	650
2007-09-01	4658	1548.2	1132	4241	1900	1560	230	3230
2007-10-01	4636	1894.3	3034	5776	4900	1560	190	6270
2007-11-01	1546	4399.9	1747	-1107	-1900	1570	60	-390
2007-12-01	2033	4530.2	1336	-1162	-1840	1650	170	-360
2008-01-01	1545	3867.4	1319	-1004	-1230	1730	210	290
2008-02-01	923	2996.2	1301	-772	-2290	1690	150	-750
2008-03-01	781	2025.2	1237	-7	-920	1620	120	580
2008-04-01	2496	666.1	3713	5543	5070	1590	90	6570
2008-05-01	2138	130.3	3124	5132	3060	1710	250	4520
2008-06-01	3358	-178.3	2908	6444	4430	2070	190	6310
2008-07-01	2179	-131.8	2327	4637	2450	2230	80	4600
2008-08-01	1078	352.8	1271	1996	-1530	2440	50	860
2008-09-01	2318	1177.7	1106	2246	-630	2240	100	1510
2008-10-01	1420	2456.5	1217	180	-2760	2040	190	-910
2008-11-01	2207	3406.6	1352	153	-1270	1680	210	200
2008-12-01	2608	5400.7	1054	-1739	-2450	1740	180	-890
2009-01-01	1511	3803.7	1073	-1220	-1530	1570	160	-120
2009-02-01	1352	2029.4	1121	443	-340	1550	130	1080
2009-03-01	1190	1299.7	1361	1252	0	1560	100	1460
2009-04-01	2141	501.4	2618	4258	3170	1590	90	4670
2009-05-01	1698	117.1	2704	4285	2450	1920	280	4090
2009-06-01	1978	-127.3	1596	3701	1900	2120	350	3670
2009-07-01	2320	-136.1	1161	3617	310	1930	260	1980
2009-08-01	3379	268.2	1422	4532	2760	1810	140	4430
2009-09-01	874	831.8	1151	1194	-950	2110	40	1120
2009-10-01	3104	2615.6	1157	1646	-1230	1800	70	500
2009-11-01	1208	1522.9	1414	1098	-950	1780	180	650
2009-12-01	2262	4752.7	1089	-1402	-1840	1780	200	-260
2010-01-01	1224	3174.1	1047	-903	-3060	2000	160	-1220
2010-02-01	655	2493.7	1016	-822	-2720	1750	120	-1090
2010-03-01	272	826.7	1658	1103	-610	1550	100	840
2010-04-01	699	382.6	1008	1324	-630	1690	90	970
2010-05-01	1258	91	929	2096	610	1550	70	2090
2010-06-01	3322	78.2	818	4062	3170	1550	90	4630
2010-07-01	2065	128.7	653	2589	0	1550	110	1440
2010-08-01	2220	915.9	704	2009	920	1550	140	2330
2010-09-01	4080	2139.9	993	2933	950	1540	150	2340
2010-10-01	1576	2270.4	1286	591	-2450	1550	140	-1040
2010-11-01	2384	3173.8	1255	465	-1270	1560	170	120
2010-12-01	1380	4295	1115	-1800	-3060	1570	140	-1630
