#OGOKI MONTHLY DIVERSION (m^3/s)
# FORTRAN FORMAT  I4 12F8.0
#,             1939         ,              2014 
# UNITS:m3s
# INTERVAL:m
#####.
# Recieved as an email attachment from Jacob Bruxer, Envir. Canada, Jacob.Bruxer@ec.gc.ca, on or about Nov. 14, 2014.  
# Made minor changes to file to comment "#" for UNITS:m3s and INTERVAL:m above, an added lines for source documentation.
# Data file is presumed to supersede previous info on diversions.
1939      0.      0.      0.      0.      0.      0.      0.      0.      0.      0.      0.      0.
1940      0.      0.      0.      0.      0.      0.      0.      0.      0.      0.      0.      0.
1941      0.      0.      0.      0.      0.      0.      0.      0.      0.      0.      0.      0.
1942      0.      0.      0.      0.      0.      0.      0.      0.      0.      0.      0.      0.
1943      0.      0.      0.      0.      0.      0.     20.     60.     91.    115.    114.     96.
1944     86.     75.     58.     53.     74.    150.    147.     13.      0.     62.     34.     34.
1945     51.     34.     35.     36.     71.    140.    188.    134.     89.     75.     76.     73.
1946     68.     61.     62.     80.    211.    277.    227.    108.     68.    101.    160.    156.
1947    107.     82.     63.     52.    175.    179.    215.     90.     96.     83.     73.     73.
1948     76.     62.     53.     66.    201.    218.    217.    190.    109.     87.     92.    105.
1949     81.     62.     54.     95.    258.    235.    123.    113.     73.     73.     93.    100.
1950     97.     80.     70.     68.    200.      0.      0.     21.    160.     60.    125.    126.
1951     91.     71.     60.     47.     77.     39.     64.    105.     86.    182.    171.    220.
1952    133.     97.     78.     35.      0.      0.      0.      0.      0.      0.      0.     72.
1953    147.     80.     64.     65.     99.    201.    200.      5.      5.     55.    192.    121.
1954    180.    121.     91.     82.    135.      0.      4.    136.    134.    143.    148.    184.
1955    112.     85.     73.     91.    220.    259.    239.    127.     85.     80.     96.    103.
1956     95.     86.     72.     70.    118.    351.    276.    163.    106.     87.     89.    104.
1957     86.     69.     62.     69.    196.    235.     20.    152.     91.     84.    121.     95.
1958     68.     66.     67.     74.    183.    240.    172.    130.    113.    171.    206.    165.
1959    120.     91.     72.     74.    112.    292.    329.    229.    166.    151.    125.    112.
1960     87.     73.     62.     65.    116.    208.    179.    111.     74.     58.     64.     69.
1961     67.     58.     58.     64.    192.    309.    185.    114.     86.     71.     78.     82.
1962     72.     60.     57.     56.     94.    212.    214.    187.    174.    129.     93.     75.
1963     70.     62.     57.     64.     90.    157.    169.    252.    225.    133.     86.     71.
1964     66.     63.     58.     62.    229.    264.    129.    284.    250.    285.    216.    145.
1965    110.     89.     78.     73.    117.    178.    180.    146.    115.    137.    178.    165.
1966    135.    110.     96.     93.    157.    424.     93.    226.    133.     87.     68.     57.
1967     49.     45.     48.     54.     94.    299.    224.    134.     91.     65.     60.     52.
1968     51.     48.     50.     69.    205.    367.    195.     38.     61.     44.    312.    200.
1969    133.    110.     90.     86.    211.    377.    100.      0.    312.    216.    161.    131.
1970    101.     82.     69.     63.    120.    234.    194.    210.    212.    281.     20.    129.
1971    153.    111.     94.     97.    204.    262.    198.    134.     89.    114.    243.    247.
1972    165.    114.     88.     77.    138.    181.    131.    104.    104.    108.    115.    103.
1973     86.     67.     61.     63.    148.    194.    190.    193.    176.    141.    132.    116.
1974     92.     75.     65.     63.    108.      0.      0.     82.    203.    211.    204.    145.
1975    110.     90.     76.     66.    142.    240.    215.    144.    104.     88.     87.     77.
1976     63.     55.     51.     66.    153.    162.    124.     86.     59.     48.     38.     31.
1977     29.     29.     34.     46.    119.    153.    152.    158.    165.    167.    122.    115.
1978     94.     77.     65.     61.    115.    275.    260.    189.    175.    142.    107.     80.
1979     60.     50.     48.     53.    115.    184.    136.    131.    136.    143.    134.    124.
1980     97.     78.     63.     64.    121.    123.     80.     54.     44.     51.     72.     75.
1981     68.     62.     56.     54.     83.    124.    113.     63.     56.     42.     29.     24.
1982     22.     20.     23.     30.     74.    162.    148.    107.     94.    102.    123.    128.
1983    105.     84.     70.     60.     88.    111.    189.    211.    138.     95.     82.     76.
1984     73.     65.     57.     64.    173.    232.    204.    147.    104.     79.     73.     82.
1985     88.     74.     61.     60.    229.    325.    210.     96.     21.     21.     20.     44.
1986     65.     57.     51.     53.    162.    258.     64.    161.     85.     88.     92.     88.
1987     68.     53.     46.     51.     73.     81.     79.     80.     71.     51.     40.     38.
1988     36.     36.     36.     39.     62.    119.    156.    141.    150.    138.    223.    183.
1989    134.    101.     77.     65.    145.    236.    146.    117.     94.     77.     62.     52.
1990     38.     36.     41.     41.    109.    249.    276.    198.    107.     70.     46.     52.
1991     54.     53.     48.     45.    108.    189.    151.    123.     80.     56.     70.     85.
1992     84.     77.     67.     58.    170.    277.    175.    109.      4.      0.     50.    115.
1993     99.     81.     68.     54.     57.     63.     84.    120.    281.    273.    231.    158.
1994    103.     77.     62.     52.     75.     96.    126.    163.    124.    146.    171.    190.
1995    155.    117.     94.     79.    102.    244.    186.    143.     67.     91.    104.     96.
1996     83.     70.     37.     33.     46.    297.    170.    154.    171.    137.    196.    259.
1997    175.    131.    100.     85.    175.    280.    147.     98.     72.     54.     49.     47.
1998     47.     43.     37.     37.     41.     23.     28.     29.     31.     50.    126.    122.
1999     97.     72.     54.     56.    135.    176.    147.    161.    191.    246.    288.    146.
2000    105.     83.     69.     73.    144.    264.    218.    179.    139.     92.    116.    117.
2001     90.     70.     55.     54.    127.    262.    262.    192.    151.    129.    188.    199.
2002    137.     99.     80.     73.    200.    340.    171.    172.    165.    105.     74.     68.
2003     61.     52.     48.     47.     78.     99.    106.    108.    132.    191.    196.    150.
2004    112.     90.     73.     71.    166.    351.    256.    201.    305.    318.     19.     23.
2005     51.     59.     72.     94.    213.    261.    253.    175.    113.     83.     82.     83.
2006     78.     66.     56.     90.    242.    252.    162.    103.     64.     58.     56.     50.
2007     42.     34.     32.     38.     68.    188.    268.    220.    178.     99.      3.    119.
2008    159.    105.     81.     75.    169.     95.      5.      6.     72.    167.    175.    151.
2009    116.     89.     70.     68.    207.    283.    230.    117.     32.     47.    172.    154.
2010    114.     85.     74.     71.     67.     91.    108.    131.    118.    102.    135.    111.
2011     91.     75.     64.     71.    165.    256.    197.     72.     86.     73.     56.     44.
2012     37.     36.     41.    108.    160.      0.    196.    221.    129.     89.     72.     65.
2013     54.     50.     51.     48.    123.    271.    154.     50.     52.    152.    140.     99.
2014     78.     62.     53.     54.    155.    221.     48.     44.    156.  -9999.  -9999.  -9999.
