# LONG LAC MONTHLY DIVERSION (m^3/s)
# FORTRAN FORMAT  I4 12F8.0
#,             1939         ,              2014 
# UNITS:m3s
# INTERVAL:m
#####.
# Recieved as an email attachment from Jacob Bruxer, Envir. Canada, Jacob.Bruxer@ec.gc.ca, on or about Nov. 14, 2014.  
# Made minor changes to file to comment "#" for UNITS:m3s and INTERVAL:m above, an added lines for source documentation.
# Data file is presumed to supersede previous info on diversions.
1939      0.      0.      0.      0.      0.      0.      3.     10.     10.      5.      0.      0.
1940      0.      0.      0.      0.     16.     24.     32.     36.     25.      0.      0.      0.
1941      6.     20.     17.     19.     42.     46.     40.     34.     36.     34.     49.     44.
1942     35.     27.     20.     20.     50.     65.     55.     46.     36.     16.     59.     53.
1943     42.     32.     24.     20.     46.     65.     69.     59.     53.     40.     36.     32.
1944     26.     21.     17.     16.     58.     77.     62.     71.     66.     47.     45.     39.
1945     31.     24.     20.     37.     31.     62.     58.     47.     18.     31.     37.     32.
1946     26.     20.     17.     27.     74.     76.     74.     52.     39.     31.     48.     51.
1947     36.     31.     20.     17.     42.     62.     63.     57.     45.     32.     23.     32.
1948     24.     18.      8.      6.     31.     46.     40.     24.     20.      8.      2.     28.
1949     24.     35.     46.     42.     33.     60.     31.     22.     29.     30.     38.     40.
1950     45.     45.     40.     30.     53.     65.     66.     39.     38.     41.     69.     62.
1951     44.     34.     26.     25.     55.     45.     37.     28.     27.     33.     42.     47.
1952     46.     41.     29.     20.     27.     59.     58.     44.     36.     35.     25.     24.
1953     26.     29.     26.     26.     52.     63.     64.     31.     34.     36.     32.     28.
1954     32.     37.     34.     28.     76.     73.     32.     33.     34.     26.     33.     30.
1955     32.     42.     40.     24.     56.     49.     37.     32.     36.     28.     29.     30.
1956     28.     25.     26.     23.     17.     62.     45.     33.     30.     38.     34.     27.
1957     21.     20.     20.     23.     71.     74.     55.     36.     34.     36.     35.     34.
1958     42.     42.     34.     34.     68.     82.     62.     37.     39.     33.     40.     29.
1959     38.     49.     36.     28.     33.     53.     34.     30.     24.     22.     23.     24.
1960     28.     39.     31.     26.     51.     71.     40.     27.     25.     19.     35.     41.
1961     42.     46.     39.     34.     74.     64.     37.     24.     14.     43.     56.     33.
1962     40.     54.     41.     35.     41.     78.     31.     33.     52.     38.     36.     37.
1963     40.     39.     30.     26.     33.     78.     30.     28.     32.     35.     33.     34.
1964     35.     33.     30.     35.     88.     98.     78.     59.     51.     74.     48.     43.
1965     42.     40.     58.     61.     70.     60.     31.     28.     20.     62.     39.     42.
1966     52.     49.     37.     38.     80.     76.     48.     63.     51.     46.     46.     43.
1967     57.     49.     35.     41.     88.     83.     50.     43.     20.     21.     40.     48.
1968     55.     44.     33.     41.     76.     80.     82.     72.     34.     39.     44.     52.
1969     50.     48.     40.     38.     84.     85.     49.     39.     36.     33.     25.     23.
1970     35.     45.     39.     30.     57.     86.     72.     40.     36.     67.     65.     46.
1971     52.     56.     45.     38.     70.     68.     38.     29.      6.     22.     73.     48.
1972     44.     48.     34.     24.     70.     58.     34.     31.     26.     39.     50.     52.
1973     42.     34.     29.     22.     33.     35.     52.     43.     35.     33.     24.     42.
1974     38.     41.     32.     24.     22.     35.     44.     43.     35.     40.     46.     48.
1975     44.     40.     32.     26.     25.     45.     50.     26.     29.     11.     32.     43.
1976     52.     44.     33.     19.     38.     48.     50.     45.     31.     22.     18.     15.
1977     13.     12.     20.     19.     71.     54.     71.     43.     52.     54.     46.     48.
1978     56.     49.     35.     26.     18.     76.     52.     39.     24.     16.      9.     36.
1979     31.     26.     20.     22.     70.     60.     36.     27.     26.      9.     19.     45.
1980     47.     34.     30.     28.     51.     42.     38.     28.     15.     24.     42.     51.
1981     42.     36.     38.     34.     39.     34.     40.     28.     10.      4.     13.     10.
1982     44.     38.     21.     16.     47.     60.     68.     27.     34.     66.     48.     55.
1983     49.     54.     44.     33.     40.     68.     46.     29.     20.     23.     51.     48.
1984     54.     57.     42.     23.     91.     69.     72.     52.     53.     42.     27.     39.
1985     29.     23.     28.     31.     41.     66.     42.     75.     62.     92.     83.     57.
1986     54.     55.     39.     20.     72.     49.     52.     42.     24.     23.     24.     36.
1987     40.     38.     27.     13.      0.     10.     13.      5.     36.     20.     21.     36.
1988     38.     33.     25.     14.     57.     57.     50.     54.     60.     95.     73.     59.
1989     46.     51.     38.     30.     69.     48.     38.     24.     21.     13.      9.     22.
1990     20.     20.     26.     17.     48.     65.     57.     32.     20.     19.     46.     50.
1991     29.     31.     34.     26.     78.     50.     37.     21.      9.     10.     26.     36.
1992     41.     40.     36.     28.     60.     51.     38.     44.     84.     76.     46.     45.
1993     46.     38.     30.     25.     60.     71.     43.     54.     54.     49.     40.     34.
1994     43.     38.     24.      4.     20.     29.     78.     63.     35.     47.     29.     28.
1995     38.     47.     34.     30.     25.     80.     73.     21.     23.     86.     41.     37.
1996     45.     45.     32.     18.     48.     62.     62.     36.     30.     29.     61.     34.
1997     42.     45.     34.     27.     59.     33.     35.     15.     11.      8.      7.     24.
1998     36.     37.     14.      0.     20.     11.     10.      9.      8.     32.     37.     36.
1999     44.     31.     36.     15.     43.     70.     52.     31.     19.     45.     49.     29.
2000     50.     54.     41.     25.     78.     93.     48.     72.      5.     37.     18.     29.
2001     23.     26.     31.     16.     89.     60.     20.      9.     12.     18.     51.     62.
2002     50.     45.     35.     15.     72.     84.     59.     36.      7.     30.     29.     24.
2003     32.     29.     28.     29.     55.     40.     34.     27.     34.     40.     39.     25.
2004     33.     29.     47.     31.     76.     71.     54.     31.     77.     59.     83.     49.
2005     50.     45.     26.     22.     78.     51.     13.      9.      6.      8.     24.     46.
2006     55.     49.     38.     42.     82.     42.     16.      7.      3.      3.      3.     12.
2007     38.     39.     23.      4.      6.     71.     83.     56.     52.     92.     60.     49.
2008     55.     49.     35.     16.     80.     94.     73.     48.     30.     20.     31.     31.
2009     46.     40.     31.     19.     73.     66.     27.     26.     13.     19.     10.     43.
2010     44.     35.     28.     20.      2.      2.      6.     13.     35.     35.     39.     30.
2011     52.     46.     34.     39.     60.     64.     31.     21.     20.     13.     12.     12.
2012     38.     40.     36.     47.     81.     79.     23.     29.     18.     11.     10.     11.
2013     34.     40.     28.     15.     70.     83.     44.     50.     57.     23.     42.     48.
2014     44.     43.     32.     20.     62.     91.     46.     16.     36.    145.  -9999.  -9999.
