DateSeq	precCMS	evapCMS	rOffCMS	PrcLdCMS	NBScCMS	NBSxCMS	dStoCMS	stmrCMS	divrCMS	NBSrCMS	lLacCMS	lOgoCMS	Month
1948-01-01	2116	4060.2	600	1296.3	-1344	-1344.2	-2760	2150	100	-710	24	76	01
1948-02-01	1055	3010.6	616	962.03	-1340	-1339.6	-2620	2120	80	-580	18	62	02
1948-03-01	1656	1765.3	804	1800.54	695	694.7	-920	2100	60	1120	8	53	03
1948-04-01	3045	438.7	4172	2676.17	6779	6778.3	5700	2120	70	7750	6	66	04
1948-05-01	660	231.7	2306	712.37	2734	2734.3	610	2100	230	2480	31	201	05
1948-06-01	1651	-76.7	903	2148.16	2630	2630.7	950	1950	260	2640	46	218	06
1948-07-01	2263	8.3	765	2666.47	3020	3019.7	1530	1840	260	3110	40	217	07
1948-08-01	1995	592.2	757	2229.98	2161	2159.8	1530	1780	210	3100	24	190	08
1948-09-01	796	1802	664	1193.17	-342	-342	-1270	1640	130	240	20	109	09
1948-10-01	1183	3116.8	581	1452.32	-1353	-1352.8	-2450	1670	100	-880	8	87	10
1948-11-01	3401	3327.7	739	2873.82	812	812.3	320	1670	90	1900	2	92	11
1948-12-01	2183	3795.7	766	1952.27	-846	-846.7	-2150	1610	130	-670	28	105	12
1949-01-01	2254	2854.7	691	2017.86	90	90.3000000000002	-1530	1610	100	-20	24	81	01
1949-02-01	1836	503.6	709	1569.24	2041	2041.4	-1700	1610	100	-190	35	62	02
1949-03-01	1904	181.8	753	1692.33	2474	2475.2	-920	1610	100	590	46	54	03
1949-04-01	483	570.5	2406	593.26	2319	2318.5	1580	1670	140	3110	42	95	04
1949-05-01	2374	179	2980	2417.57	5174	5175	3680	1780	290	5170	33	258	05
1949-06-01	3166	-143.2	1185	3343.86	4494	4494.2	3480	1810	300	4990	60	235	06
1949-07-01	3621	-236.9	1581	3243.66	5439	5438.9	3370	1730	150	4950	31	123	07
1949-08-01	1564	24.5	765	1906.9	2304	2304.5	-310	1870	140	1420	22	113	08
1949-09-01	2621	1583.1	678	2521.91	1716	1715.9	-950	2040	100	990	29	73	09
1949-10-01	2957	2199.9	1105	3139.75	1862	1862.1	310	2040	100	2250	30	73	10
1949-11-01	2536	3607.4	1028	1961.28	-44	-43.4000000000001	-2220	2040	130	-310	38	93	11
1949-12-01	1473	3476.3	782	1213.84	-1221	-1221.3	-2150	1900	140	-390	40	100	12
1950-01-01	3054	1559.9	767	2549.38	2261	2261.1	-1230	1780	140	410	45	97	01
1950-02-01	1401	130.7	791	1126.7	2061	2061.3	-2040	1870	120	-290	45	80	02
1950-03-01	1632	240	796	1489.1	2187	2188	-310	1870	110	1450	40	70	03
1950-04-01	2416	412.1	2181	2290.37	4185	4184.9	2530	1870	100	4300	30	68	04
1950-05-01	2626	143.5	7665	2921.2	10147	10147.5	8280	1930	250	9960	53	200	05
1950-06-01	3072	-169.1	2817	3557.67	6058	6058.1	3480	2970	60	6390	65	0	06
1950-07-01	2399	-194	2175	2815.44	4768	4768	1840	3510	70	5280	66	0	07
1950-08-01	2537	-86.7	1484	2199.94	4107	4107.7	0	3600	60	3540	39	21	08
1950-09-01	1755	572.7	1110	1690.78	2292	2292.3	-1270	3570	200	2100	38	160	09
1950-10-01	1953	1777.2	1256	2508	1432	1431.8	-920	3510	100	2490	41	60	10
1950-11-01	3292	3535.5	1184	2871.6	941	940.5	-1270	3430	190	1970	69	125	11
1950-12-01	1793	2691.9	1270	1631.03	371	371.1	-3980	3170	190	-1000	62	126	12
1951-01-01	1101	578.7	1158	827.31	1680	1680.3	-2760	2320	140	-580	44	91	01
1951-02-01	2268	-214.8	1202	2021.62	3685	3684.8	340	2270	100	2510	34	71	02
1951-03-01	2657	-176.3	1416	2526.7	4249	4249.3	0	2270	90	2180	26	60	03
1951-04-01	1956	34.5	4035	1632.81	5956	5956.5	3800	2940	70	6670	25	47	04
1951-05-01	1530	67.4	3820	1435.77	5283	5282.6	2150	3450	130	5470	55	77	05
1951-06-01	3534	-128	2277	3542.78	5939	5939	2220	3480	80	5620	45	39	06
1951-07-01	1604	-189.1	1506	1950.43	3299	3299.1	0	3510	100	3410	37	64	07
1951-08-01	3392	-5.5	1126	3404.28	4523	4523.5	920	3450	130	4240	28	105	08
1951-09-01	4053	1379.1	1847	4216.18	4521	4520.9	630	3510	110	4030	27	86	09
1951-10-01	2364	2384.2	2090	2543.56	2070	2069.8	-920	3510	220	2370	33	182	10
1951-11-01	1840	3898.2	2066	1845.98	8	7.80000000000018	-2530	3430	210	690	42	171	11
1951-12-01	1534	2933.8	1564	1381.82	165	164.2	-2450	2920	270	200	47	220	12
1952-01-01	1659	678.6	1334	1539.38	2314	2314.4	-1840	2380	180	360	46	133	01
1952-02-01	635	53.1	1335	795.25	1917	1916.9	-2620	2320	140	-440	41	97	02
1952-03-01	1399	101.5	1403	1518.22	2701	2700.5	-1230	2290	110	950	29	78	03
1952-04-01	1346	293	3395	1336.03	4448	4448	3170	2320	60	5430	20	35	04
1952-05-01	1626	13.2	1862	1630.72	3474	3474.8	0	3030	30	3000	27	0	05
1952-06-01	3500	-175.8	1695	3519.66	5371	5370.8	3480	2210	60	5630	59	0	06
1952-07-01	3663	-238.5	2364	4814.91	6265	6265.5	4900	1900	60	6740	58	0	07
1952-08-01	2506	-3.1	1591	2808.7	4099	4100.1	0	3310	40	3270	44	0	08
1952-09-01	1040	1323.4	1176	1464.94	893	892.6	-2850	3310	40	420	36	0	09
1952-10-01	835	3375.5	974	926.94	-1567	-1566.5	-5520	3230	40	-2330	35	0	10
1952-11-01	1761	3154.1	1010	1814.94	-384	-383.1	-2850	3030	20	160	25	0	11
1952-12-01	1011	2693.8	1027	1120.35	-656	-655.8	-2760	2120	100	-740	24	72	12
1953-01-01	1473	2193.5	973	1745.05	253	252.5	-1840	2100	170	90	26	147	01
1953-02-01	1764	434.4	953	1602.5	2282	2282.6	-1360	2040	110	570	29	80	02
1953-03-01	1600	270	1391	1629.8	2721	2721	-310	1980	90	1580	26	64	03
1953-04-01	1775	545.4	2361	1618.24	3590	3590.6	2530	2210	90	4650	26	65	04
1953-05-01	3532	81.2	3248	3192.78	6699	6698.8	4290	2630	150	6770	52	99	05
1953-06-01	3183	-195.4	3073	3814.86	6451	6451.4	4430	2780	260	6950	63	201	06
1953-07-01	2983	-198.3	2266	2868.78	5448	5447.3	1530	3030	260	4300	64	200	07
1953-08-01	2613	-124.8	1786	2860.2	4524	4523.8	310	3400	40	3670	31	5	08
1953-09-01	2533	1503.3	1142	2780.38	2172	2171.7	-2850	3370	40	480	34	5	09
1953-10-01	871	1858.5	1003	671.29	16	15.5	-3370	3230	90	-230	36	55	10
1953-11-01	1810	2958.1	1043	1630.6	-105	-105.1	-2850	2860	220	-210	32	192	11
1953-12-01	2062	3650.7	1170	2018.78	-419	-418.7	-2150	2270	150	-30	28	121	12
1954-01-01	2010	2601.8	1114	1934.79	521	522.2	-2150	2100	210	-260	32	180	01
1954-02-01	1260	721.5	1229	1345.6	1768	1767.5	-1360	2040	160	520	37	121	02
1954-03-01	1452	1421.1	1288	1546.73	1318	1318.9	-1530	2040	120	390	34	91	03
1954-04-01	2979	570.5	3548	2703.41	5957	5956.5	4430	2010	110	6330	28	82	04
1954-05-01	3039	237.6	4381	3214.23	7182	7182.4	5520	2150	210	7460	76	135	05
1954-06-01	2517	-177.4	2678	2671.42	5373	5372.4	3480	2180	70	5590	73	0	06
1954-07-01	950	-167.7	1443	1501.06	2561	2560.7	-310	2830	40	2480	32	4	07
1954-08-01	1631	84	1165	2138.02	2712	2712	-1840	3280	170	1270	33	136	08
1954-09-01	2945	956.6	1057	2963.14	3046	3045.4	-1270	3200	170	1760	34	134	09
1954-10-01	1946	1901.7	1301	2252.36	1346	1345.3	-2150	2720	170	400	26	143	10
1954-11-01	1161	2061.7	1227	1262.22	326	326.3	-1580	2150	180	390	33	148	11
1954-12-01	665	2957.1	1108	746.08	-1184	-1184.1	-3370	1840	210	-1740	30	184	12
1955-01-01	1496	3069.6	1083	1425.65	-491	-490.6	-2760	1760	140	-1140	32	112	01
1955-02-01	1402	2628.4	1079	1678.52	-148	-147.4	-1360	1760	130	270	42	85	02
1955-03-01	2899	2515	1105	2117.79	1489	1489	-310	1730	110	1310	40	73	03
1955-04-01	1449	97.2	3053	1184.94	4406	4404.8	4120	1700	120	5700	24	91	04
1955-05-01	2402	10.4	1701	2137.41	4092	4092.6	2150	2040	280	3910	56	220	05
1955-06-01	1673	-176.4	1247	1759.51	3096	3096.4	950	2120	310	2760	49	259	06
1955-07-01	2674	-261.2	1118	2991.08	4053	4053.2	1840	1980	280	3540	37	239	07
1955-08-01	2754	236.6	1206	2796.13	3723	3723.4	1230	1870	160	2940	32	127	08
1955-09-01	3048	1718.7	1010	2902.01	2339	2339.3	0	1160	120	1040	36	85	09
1955-10-01	3177	1478.7	1146	2836.9	2844	2844.3	310	1420	110	1620	28	80	10
1955-11-01	2695	3885.8	1243	2922.91	53	52.1999999999998	-630	2380	120	1630	29	96	11
1955-12-01	1883	4129.2	1117	1692.33	-1130	-1129.2	-3060	2180	130	-1010	30	103	12
1956-01-01	1179	2840.6	1085	1200.97	-576	-576.6	-2150	2100	120	-170	28	95	01
1956-02-01	673	2335.6	1072	705.46	-591	-590.6	-2950	2100	110	-960	25	86	02
1956-03-01	658	1070.1	945	723.71	533	532.9	-2150	2070	100	-180	26	72	03
1956-04-01	1394	1032.3	2547	1520.69	2908	2908.7	950	2150	90	3010	23	70	04
1956-05-01	2697	491.1	2653	2620.8	4860	4858.9	4290	1950	140	6100	17	118	05
1956-06-01	2120	-140.3	1495	2485.81	3755	3755.3	2220	1730	410	3540	62	351	06
1956-07-01	2518	-181.8	1426	2152.12	4126	4125.8	3060	1760	320	4500	45	276	07
1956-08-01	2228	-44.4	1064	2598.73	3336	3336.4	310	2040	200	2150	33	163	08
1956-09-01	2080	1406	1084	2473.77	1758	1758	-950	2040	140	950	30	106	09
1956-10-01	756	1701.2	958	1253.08	13	12.8	-1840	2070	120	110	38	87	10
1956-11-01	2205	3732.2	1110	2354.99	-417	-417.2	-1900	1980	120	-40	34	89	11
1956-12-01	2123	3258.7	1047	2212.51	-89	-88.6999999999998	-1840	1950	130	-20	27	104	12
1957-01-01	1440	1741.7	982	1098.9	681	680.3	-3680	1900	110	-1890	21	86	01
1957-02-01	1277	34.6	983	1267.88	2225	2225.4	-1360	1870	90	420	20	69	02
1957-03-01	1129	266.4	1095	1142.42	1957	1957.6	0	1610	80	1530	20	62	03
1957-04-01	1696	350	3002	2014.17	4349	4348	3800	1610	90	5320	23	69	04
1957-05-01	1652	229	1934	1810.65	3358	3357	2150	1470	270	3350	71	196	05
1957-06-01	2865	-123.2	1582	3357.17	4570	4570.2	3800	1530	310	5020	74	235	06
1957-07-01	1580	-178.4	1729	2265.54	3487	3487.4	1840	1530	80	3290	55	20	07
1957-08-01	1310	95.6	1040	1484.2	2254	2254.4	-310	1810	190	1310	36	152	08
1957-09-01	3088	1481.7	1058	3969.75	2665	2664.3	0	1900	120	1780	34	91	09
1957-10-01	1007	2099.4	1001	1025.64	-92	-91.4000000000001	-2150	1900	120	-370	36	84	10
1957-11-01	2823	3603.6	1288	2940.02	507	507.4	-320	1870	160	1390	35	121	11
1957-12-01	1282	3006.7	1154	1238.67	-571	-570.7	-2450	1840	130	-740	34	95	12
1958-01-01	1169	2102.8	1123	1280.97	189	189.2	-1840	2010	110	60	42	68	01
1958-02-01	819	834.2	1100	654.64	1085	1084.8	-2380	2010	110	-480	42	66	02
1958-03-01	466	231.4	1079	585.47	1313	1313.6	-1530	1950	100	320	34	67	03
1958-04-01	1079	814	1777	1216.93	2042	2042	1270	1730	110	2890	34	74	04
1958-05-01	1527	290.6	1161	1760.07	2397	2397.4	920	1760	250	2430	68	183	05
1958-06-01	2709	-46.6	1240	3325.18	3996	3995.6	3170	1760	320	4610	82	240	06
1958-07-01	2796	-188.2	1611	2973.92	4595	4595.2	3060	1610	230	4440	62	172	07
1958-08-01	3364	67.4	1129	3293.62	4426	4425.6	1230	1590	170	2650	37	130	08
1958-09-01	2491	1175.1	1388	2770.24	2704	2703.9	950	1610	150	2410	39	113	09
1958-10-01	1455	1891.3	1148	1524.05	711	711.7	-1230	1870	200	440	33	171	10
1958-11-01	3225	3724.6	1437	2945.4	938	937.4	-630	1950	250	1070	40	206	11
1958-12-01	1933	3747.3	1294	1427.49	-520	-520.3	-2760	1870	190	-1080	29	165	12
1959-01-01	1143	1468	1171	940.12	847	846	-2450	1870	160	-740	38	120	01
1959-02-01	744	99.8	1176	788.01	1820	1820.2	-1700	1900	140	60	49	91	02
1959-03-01	1006	268.8	1173	939.5	1910	1910.2	-920	1840	110	810	36	72	03
1959-04-01	922	551.8	1838	1145.98	2209	2208.2	1270	1980	100	3150	28	74	04
1959-05-01	3396	49.7	2473	3352.17	5820	5819.3	4900	1980	140	6740	33	112	05
1959-06-01	1938	-138.4	1546	2299.24	3622	3622.4	2530	1950	340	4140	53	292	06
1959-07-01	1713	-182.7	1166	2238.87	3061	3061.7	920	1900	360	2460	34	329	07
1959-08-01	4835	-155.7	1062	4310.68	6053	6052.7	3980	1950	260	5670	30	229	08
1959-09-01	4119	1154.5	1524	3938.08	4488	4488.5	1900	2120	190	3830	24	166	09
1959-10-01	3082	2570.2	2058	2574.51	2569	2569.8	-1230	3170	170	1770	22	151	10
1959-11-01	1655	3921	1677	1762.68	-589	-589	-4120	3340	150	-930	23	125	11
1959-12-01	1038	2641.6	1225	1062.42	-378	-378.6	-2760	2520	140	-380	24	112	12
1960-01-01	1503	2015.1	1194	1380.59	681	681.9	-1840	2100	120	140	28	87	01
1960-02-01	1008	429.9	1083	884.7	1660	1661.1	-2620	2040	110	-690	39	73	02
1960-03-01	871	146.5	1022	852.76	1747	1746.5	-1840	1950	90	20	31	62	03
1960-04-01	3474	279.4	3230	3245.04	6424	6424.6	5070	1870	90	6850	26	65	04
1960-05-01	3027	118.6	4238	2480.72	7146	7146.4	5520	1930	170	7280	51	116	05
1960-06-01	2042	-99.5	1722	2324.27	3863	3863.5	630	3140	280	3490	71	208	06
1960-07-01	2314	-147.7	1024	1898.93	3486	3485.7	310	3260	220	3350	40	179	07
1960-08-01	2001	-107	946	2529.45	3054	3054	-610	2970	140	2220	27	111	08
1960-09-01	2238	1153.3	974	2486.76	2059	2058.7	-1900	2920	100	920	25	74	09
1960-10-01	1939	2201.2	918	1974.64	657	655.8	-2450	2610	80	80	19	58	10
1960-11-01	2345	3497.8	1254	2519.7	101	101.2	-320	2070	100	1650	35	64	11
1960-12-01	1167	3578.7	1112	1202.81	-1300	-1299.7	-3680	1930	110	-1860	41	69	12
1961-01-01	866	1829	964	571.98	1	1	-2450	1900	110	-660	42	67	01
1961-02-01	1249	185	954	1445.03	2017	2018	-680	1900	100	1120	46	58	02
1961-03-01	1573	204.5	1120	1627.35	2488	2488.5	0	1870	100	1770	39	58	03
1961-04-01	1330	389.3	2266	1584.99	3207	3206.7	1580	1870	100	3350	34	64	04
1961-05-01	2299	261.8	2706	2496.04	4743	4743.2	3060	1930	270	4720	74	192	05
1961-06-01	1811	-94.1	1612	1681.59	3517	3517.1	1270	1950	370	2850	64	309	06
1961-07-01	1592	-166.4	1168	2582.48	2926	2926.4	920	1840	220	2540	37	185	07
1961-08-01	1242	-22.1	932	1892.8	2197	2196.1	-610	1610	140	860	24	114	08
1961-09-01	4024	1509.3	1245	4017.26	3760	3759.7	950	1610	100	2460	14	86	09
1961-10-01	1959	2114.7	1494	1993.95	1338	1338.3	0	1640	110	1530	43	71	10
1961-11-01	2078	2998.9	1505	1806.07	584	584.1	-1900	1840	130	-190	56	78	11
1961-12-01	1586	3447.5	1226	1764.06	-636	-635.5	-1840	1840	120	-120	33	82	12
1962-01-01	1643	2247.8	1107	1620.91	503	502.2	-3060	1810	110	-1360	40	72	01
1962-02-01	1800	122.9	1081	1790.51	2759	2758.1	-340	1840	110	1390	54	60	02
1962-03-01	416	280.5	1174	705.32	1310	1309.5	-920	1810	100	790	41	57	03
1962-04-01	1372	529	1812	1693.63	2655	2655	950	1780	90	2640	35	56	04
1962-05-01	2808	39.2	2707	3084.27	5475	5475.8	4600	1700	140	6160	41	94	05
1962-06-01	1390	-104.2	1514	1810.19	3008	3008.2	1270	1700	290	2680	78	212	06
1962-07-01	1534	-128.7	994	2123.92	2657	2656.7	920	1780	240	2460	31	214	07
1962-08-01	2851	-41.1	1055	3511.87	3947	3947.1	1530	1700	220	3010	33	187	08
1962-09-01	2803	1388.9	1145	2956.49	2559	2559.1	630	1590	230	1990	52	174	09
1962-10-01	906	1824.4	1043	1062.73	125	124.6	-2150	1810	170	-510	38	129	10
1962-11-01	843	2740.2	1091	1020.87	-806	-806.2	-2850	1930	130	-1050	36	93	11
1962-12-01	1679	3527.2	1003	1774.48	-845	-845.2	-2760	1840	110	-1030	37	75	12
1963-01-01	1307	1675.2	991	852.14	623	622.8	-1530	1760	110	120	40	70	01
1963-02-01	1140	93.3	984	1048.31	2031	2030.7	-2040	1840	100	-300	39	62	02
1963-03-01	1449	137.9	1105	1126.18	2416	2416.1	310	1700	90	1920	30	57	03
1963-04-01	2049	522.9	1923	1747.16	3448	3449.1	2530	1610	90	4050	26	64	04
1963-05-01	1598	167.7	1813	2111.66	3243	3243.3	2150	1730	120	3760	33	90	05
1963-06-01	3032	-133	2234	3321.69	5398	5399	4120	1730	240	5610	78	157	06
1963-07-01	1294	-164.9	1140	2026.75	2598	2598.9	610	1780	200	2190	30	169	07
1963-08-01	2329	15.3	1032	2465.08	3346	3345.7	920	1760	280	2400	28	252	08
1963-09-01	1523	853.9	1027	2056.62	1696	1696.1	-630	2040	260	1150	32	225	09
1963-10-01	734	793.6	952	856.13	893	892.4	-1230	1810	170	410	35	133	10
1963-11-01	1785	2604.9	1022	2152.91	203	202.1	-1580	1870	120	170	33	86	11
1963-12-01	1816	4072.5	1009	1549.18	-1247	-1247.5	-3370	1590	100	-1880	34	71	12
1964-01-01	1514	2543.2	1006	1780.3	-23	-23.1999999999998	-1230	1670	100	340	35	66	01
1964-02-01	1020	2273.3	1053	1005.61	-201	-200.3	-2620	1930	100	-790	33	63	02
1964-03-01	1363	2181.5	1121	1364.96	302	302.5	-1530	1930	90	310	30	58	03
1964-04-01	2735	609.4	2484	2474.72	4609	4609.6	3800	1930	100	5630	35	62	04
1964-05-01	3392	-51.8	3657	3285.35	7101	7100.8	5820	1980	320	7480	88	229	05
1964-06-01	2564	-98.5	2299	4167.08	4962	4961.5	3170	2040	360	4850	98	264	06
1964-07-01	1573	-92.3	1706	1784.29	3371	3371.3	610	2290	210	2690	78	129	07
1964-08-01	3041	669.5	1339	3743.61	3711	3710.5	1230	2830	340	3720	59	284	08
1964-09-01	3239	1519.4	1528	3674.86	3247	3247.6	630	3030	300	3360	51	250	09
1964-10-01	1587	1989.4	1689	1738.31	1286	1286.6	-2450	3140	360	330	74	285	10
1964-11-01	1829	2648.6	1675	1981.87	855	855.4	-1900	3280	260	1120	48	216	11
1964-12-01	2171	3622.2	1519	1796.24	67	67.8000000000002	-2760	2630	190	-320	43	145	12
1965-01-01	1592	3547.4	1344	1260.44	-612	-611.4	-2760	2440	150	-470	42	110	01
1965-02-01	2323	1739.3	1371	1995.49	1955	1954.7	-1700	2380	130	550	40	89	02
1965-03-01	1297	839.6	1397	1023.49	1854	1854.4	-920	2350	140	1290	58	78	03
1965-04-01	1330	296.5	2834	1139.33	3868	3867.5	2220	2320	130	4410	61	73	04
1965-05-01	3171	-25.4	3257	3030.32	6454	6453.4	4600	2660	190	7070	70	117	05
1965-06-01	1970	-82.7	1848	2174.45	3900	3900.7	950	2800	240	3510	60	178	06
1965-07-01	2435	-102.4	1193	2616.2	3730	3730.4	610	3200	210	3600	31	180	07
1965-08-01	2498	337.8	1120	2810.23	3280	3280.2	310	3230	170	3370	28	146	08
1965-09-01	4300	1313.2	1348	4655.82	4335	4334.8	630	3060	140	3550	20	115	09
1965-10-01	1775	1881.2	2047	1810.04	1941	1940.8	-610	2890	200	2080	62	137	10
1965-11-01	3179	3175.7	1699	3322.96	1703	1702.3	-320	2890	220	2350	39	178	11
1965-12-01	1688	2804.7	1633	1799.92	517	516.3	-1840	2410	210	360	42	165	12
1966-01-01	1966	3630.2	1617	1403.28	-47	-47.1999999999998	-1840	2180	190	150	52	135	01
1966-02-01	1179	1109.7	1526	990.28	1595	1595.3	-1700	2180	160	320	49	110	02
1966-03-01	2104	972.3	1937	2225.38	3069	3068.7	610	2180	130	2660	37	96	03
1966-04-01	1185	571.4	3031	1645.8	3645	3644.6	1900	2290	130	4060	38	93	04
1966-05-01	1308	438.6	3563	1284.04	4432	4432.4	3060	2270	240	5090	80	157	05
1966-06-01	1452	-122.9	2414	2135.8	3989	3988.9	1580	2240	500	3320	76	424	06
1966-07-01	1605	-113.7	1472	2484.09	3191	3190.7	610	2720	140	3190	48	93	07
1966-08-01	3534	200.8	1425	3804.91	4759	4758.2	1530	2720	290	3960	63	226	08
1966-09-01	1564	1774.4	1238	1560.91	1028	1027.6	-2530	2940	180	230	51	133	09
1966-10-01	2807	2615	1539	3154.77	1732	1731	-310	2550	130	2110	46	87	10
1966-11-01	1705	3536.1	1543	2130.74	-288	-288.1	-1900	2270	110	260	46	68	11
1966-12-01	1738	3560.6	1471	1723.9	-351	-351.6	-2150	2120	100	-130	43	57	12
1967-01-01	2137	3196.5	1375	2134.96	315	315.5	-1230	2010	110	670	57	49	01
1967-02-01	1655	1657.5	1426	1130.1	1424	1423.5	-1700	2040	90	250	49	45	02
1967-03-01	1167	566.2	1511	1327.87	2112	2111.8	-610	2010	80	1320	35	48	03
1967-04-01	1914	472.3	3611	2257.75	5053	5052.7	4750	2010	100	6660	41	54	04
1967-05-01	951	360.2	2770	1146.1	3361	3360.8	920	2410	180	3150	88	94	05
1967-06-01	3254	-145.1	2216	3193.41	5615	5615.1	3170	2550	380	5340	83	299	06
1967-07-01	1694	-147.7	1287	2057.71	3129	3128.7	310	2550	270	2590	50	224	07
1967-08-01	2970	207.8	1238	2924.26	4000	4000.2	610	2610	180	3040	43	134	08
1967-09-01	935	1345.8	1163	1107.65	752	752.2	-2530	2460	110	-180	20	91	09
1967-10-01	2978	2157.9	1422	2969.63	2242	2242.1	0	2010	90	1920	21	65	10
1967-11-01	1779	2992	1447	1574.22	234	234	-2220	2040	100	-280	40	60	11
1967-12-01	1487	3412.9	1118	1296.3	-808	-807.9	-2450	1980	100	-570	48	52	12
1968-01-01	1063	2707.2	1028	877.28	-616	-616.2	-2450	1950	110	-610	55	51	01
1968-02-01	1291	2011.5	1010	964.32	290	289.5	-2290	1950	90	-430	44	48	02
1968-03-01	1639	554.5	1466	1913.03	2550	2550.5	310	1900	80	2130	33	50	03
1968-04-01	2728	338.3	3278	2901.69	5669	5667.7	4750	1950	110	6590	41	69	04
1968-05-01	2183	64.7	2300	2005.29	4418	4418.3	2450	1980	280	4150	76	205	05
1968-06-01	3960	-147.6	3104	4517.4	7212	7211.6	5700	1980	450	7230	80	367	06
1968-07-01	3727	-172.9	2706	4336.12	6606	6605.9	3980	2830	280	6530	82	195	07
1968-08-01	2689	197.4	1824	2336.34	4315	4315.6	1530	3450	110	4870	72	38	08
1968-09-01	3603	580.3	1964	3180.42	4987	4986.7	1270	3480	100	4650	34	61	09
1968-10-01	2776	1864.3	2524	3381.9	3435	3435.7	-610	3510	80	2820	39	44	10
1968-11-01	909	3293.8	1984	1158.65	-400	-400.8	-4120	3480	360	-1000	44	312	11
1968-12-01	2670	3888	1739	2591.37	521	521	-1840	2970	250	880	52	200	12
1969-01-01	2803	3003.7	1647	2579.11	1447	1446.3	-610	2350	180	1560	50	133	01
1969-02-01	773	1604.2	1661	573.19	830	829.8	-2380	2610	160	70	48	110	02
1969-03-01	500	1719.3	1642	509.14	422	422.7	-2150	2690	130	410	40	90	03
1969-04-01	1693	331.9	4290	1378.15	5651	5651.1	2850	2920	120	5650	38	86	04
1969-05-01	1623	125.7	3140	2300.48	4638	4637.3	1530	3260	300	4490	84	211	05
1969-06-01	2144	-68.7	1984	2663.5	4196	4196.7	630	3280	460	3450	85	377	06
1969-07-01	1506	-135.5	1645	2233.35	3287	3286.5	0	3280	150	3130	49	100	07
1969-08-01	2089	5.5	1273	2432.59	3357	3356.5	0	3310	40	3270	39	0	08
1969-09-01	1802	1329.4	1200	2499.11	1673	1672.6	-2220	2970	350	400	36	312	09
1969-10-01	2616	2350.8	1393	2391.82	1659	1658.2	-1230	1950	250	470	33	216	10
1969-11-01	1154	2774.7	1435	1472.86	-185	-185.7	-1900	1900	190	-190	25	161	11
1969-12-01	1574	3053.9	1271	1551.33	-209	-208.9	-2760	1930	150	-980	23	131	12
1970-01-01	1815	3151.7	1262	1465.2	-75	-74.6999999999998	-1530	1930	140	260	35	101	01
1970-02-01	946	1862.1	1236	1006.23	321	319.9	-2040	2350	130	180	45	82	02
1970-03-01	826	894.4	1172	820.26	1104	1103.6	-1530	1980	110	340	39	69	03
1970-04-01	1747	470.7	2364	1992.32	3640	3640.3	3170	1810	90	4890	30	63	04
1970-05-01	3928	132.4	3619	3905.76	7414	7414.6	5820	1810	180	7450	57	120	05
1970-06-01	1671	-106.7	2315	2058.2	4093	4092.7	2530	1840	320	4050	86	234	06
1970-07-01	3122	-159.4	1546	3077.83	4827	4827.4	3060	1840	270	4630	72	194	07
1970-08-01	969	263.9	1205	1623.06	1911	1910.1	-920	2720	250	1550	40	210	08
1970-09-01	3432	1357.6	1354	3950.43	3428	3428.4	0	2240	250	1990	36	212	09
1970-10-01	3320	1538.5	1739	3891.04	3520	3520.5	1530	1840	350	3020	67	281	10
1970-11-01	2350	3096.5	2230	2309.7	1484	1483.5	-320	2440	80	2040	65	20	11
1970-12-01	1730	3400	1718	1966.06	48	48	-2150	2860	180	530	46	129	12
1971-01-01	2135	3719.4	1354	1661.68	-230	-230.4	-3370	2630	200	-940	52	153	01
1971-02-01	2166	1186.1	1316	2258.5	2295	2295.9	340	2350	170	2520	56	111	02
1971-03-01	1542	843.9	1493	1424.12	2191	2191.1	-920	2380	140	1320	45	94	03
1971-04-01	974	495.7	3982	1024.67	4460	4460.3	2530	2690	140	5080	38	97	04
1971-05-01	2993	76.9	3822	3312.02	6738	6738.1	3680	3060	270	6470	70	204	05
1971-06-01	2660	-104.5	2521	2367.66	5285	5285.5	1900	3200	330	4770	68	262	06
1971-07-01	2279	-35.3	1394	2325.92	3709	3708.3	0	3230	240	2990	38	198	07
1971-08-01	1660	480	1123	1778.47	2303	2303	-310	3000	160	2530	29	134	08
1971-09-01	2419	1043.4	1005	3284	2381	2380.6	-1270	3060	100	1690	6	89	09
1971-10-01	3252	1412.5	1740	3667.59	3580	3579.5	0	3200	140	3060	22	114	10
1971-11-01	2457	3041.7	2415	2514.95	1831	1830.3	-1580	3170	320	1270	73	243	11
1971-12-01	1939	3561.8	1636	1825.98	13	13.1999999999998	-2760	2800	300	-260	48	247	12
1972-01-01	2517	3952.3	1309	2385.39	-127	-126.3	-1530	2290	210	550	44	165	01
1972-02-01	1547	1537.4	1256	1363.42	1265	1265.6	-1640	2070	160	270	48	114	02
1972-03-01	2011	751.6	1284	2006.52	2544	2543.4	310	2120	120	2310	34	88	03
1972-04-01	1200	490	2521	894.17	3231	3231	2220	2120	100	4240	24	77	04
1972-05-01	1594	6.1	4177	1574.93	5765	5764.9	2760	3140	210	5690	70	138	05
1972-06-01	2071	-69.4	1757	2009.11	3897	3897.4	0	3280	240	3040	58	181	06
1972-07-01	3363	-117.1	1561	3967.06	5041	5041.1	1840	3230	160	4910	34	131	07
1972-08-01	3526	87.1	1985	3508.5	5424	5423.9	2450	3200	140	5510	31	104	08
1972-09-01	2848	1754.4	1668	3240.92	2762	2761.6	0	3260	130	3130	26	104	09
1972-10-01	1153	2574.8	1629	1495.54	207	207.2	-3060	3140	150	-70	39	108	10
1972-11-01	1694	2323.9	1608	1594.81	979	978.1	-2220	3280	160	900	50	115	11
1972-12-01	2216	3616.4	1063	1882.07	-337	-337.4	-2760	2440	160	-480	52	103	12
1973-01-01	1393	2258.8	1059	1098.59	193	193.2	-2450	2120	130	-460	42	86	01
1973-02-01	1066	2218.5	985	1063.24	-168	-167.5	-1360	1610	100	150	34	67	02
1973-03-01	1604	650.1	1828	1624.59	2782	2781.9	2150	1500	90	3560	29	61	03
1973-04-01	1466	687.7	2580	1515.3	3359	3358.3	1900	1560	80	3380	22	63	04
1973-05-01	3299	150.2	3162	2665.25	6311	6310.8	4600	1560	180	5980	33	148	05
1973-06-01	2838	-153.9	1741	3343.55	4733	4732.9	2850	1590	230	4210	35	194	06
1973-07-01	2801	-113.1	1379	2817.59	4293	4293.1	1840	2270	240	3870	52	190	07
1973-08-01	3120	51.2	1370	3300.68	4439	4438.8	1530	2750	240	4040	43	193	08
1973-09-01	2531	1649.3	1302	2824.4	2183	2183.7	-1900	3340	210	1230	35	176	09
1973-10-01	1446	1479	1567	1838.24	1535	1534	-1230	2630	170	1230	33	141	10
1973-11-01	1853	3089.2	1439	1889.69	203	202.8	-2850	2380	160	-630	24	132	11
1973-12-01	1803	3373	1156	1476.23	-413	-414	-2760	2410	160	-510	42	116	12
1974-01-01	1806	2877.4	939	1647.58	-133	-132.4	-1840	2150	130	180	38	92	01
1974-02-01	1214	2323	934	1095.48	-175	-175	-2040	2120	120	-40	41	75	02
1974-03-01	866	1875	937	1173.38	-72	-72	-1840	2120	100	180	32	65	03
1974-04-01	2133	568.6	2592	2362.28	4157	4156.4	3480	2120	90	5510	24	63	04
1974-05-01	2148	167.1	3421	2566.85	5402	5401.9	2760	2070	130	4700	22	108	05
1974-06-01	2960	-124.2	2743	2783.23	5828	5827.2	3480	2410	40	5850	35	0	06
1974-07-01	2323	-138.9	1566	2669.54	4028	4027.9	2150	2150	40	4260	44	0	07
1974-08-01	2912	325.2	1440	3822.38	4027	4026.8	2150	2120	120	4150	43	82	08
1974-09-01	2279	1698.1	1366	2558.34	1947	1946.9	-630	2100	240	1230	35	203	09
1974-10-01	1799	1712.6	1593	2037.79	1679	1679.4	-610	2070	250	1210	40	211	10
1974-11-01	2450	2417.4	1781	2353.09	1813	1813.6	-950	2380	250	1180	46	204	11
1974-12-01	1122	2819.1	1295	1017.97	-403	-402.1	-2760	2750	190	-200	48	145	12
1975-01-01	3101	3041.7	1288	2531.29	1347	1347.3	-1530	2460	150	780	44	110	01
1975-02-01	1633	2073.2	1191	1121.61	751	750.8	-1700	2410	130	580	40	90	02
1975-03-01	1639	2056.5	1172	1450.79	755	754.5	-2150	2440	110	180	32	76	03
1975-04-01	1236	989.2	2778	1201.09	3024	3024.8	630	2610	90	3150	26	66	04
1975-05-01	1663	-45.1	3491	1717.77	5199	5199.1	2450	2780	170	5060	25	142	05
1975-06-01	3392	-140.6	2117	3657.44	5650	5649.6	2850	2520	280	5090	45	240	06
1975-07-01	1516	-89.5	1243	2112.89	2849	2848.5	610	2380	260	2730	50	215	07
1975-08-01	1500	523.9	829	1725.44	1806	1805.1	-1230	2290	170	890	26	144	08
1975-09-01	2560	1728.8	938	2474.4	1769	1769.2	-320	2100	130	1650	29	104	09
1975-10-01	1452	1756.1	933	1932.34	629	628.9	-2150	1870	100	-380	11	88	10
1975-11-01	3430	2507.7	1307	3153.82	2229	2229.3	1270	1930	120	3080	32	87	11
1975-12-01	1811	3401.8	1188	1422.59	-403	-402.8	-2450	1980	120	-590	43	77	12
1976-01-01	2549	3347.9	980	2042.69	182	181.1	-2150	1980	120	-290	52	63	01
1976-02-01	1832	1934.2	984	1582.95	883	881.8	-1310	1950	100	540	44	55	02
1976-03-01	3264	1830.6	1426	2874.3	2860	2859.4	920	1950	80	2790	33	51	03
1976-04-01	1266	407.3	4661	1368.33	5519	5519.7	3480	2040	80	5440	19	66	04
1976-05-01	864	211.8	2343	644.62	2996	2995.2	310	2380	190	2500	38	153	05
1976-06-01	2755	-109.9	1418	3335.95	4283	4282.9	2220	2320	210	4330	48	162	06
1976-07-01	1547	87.7	976	2014.18	2435	2435.3	310	2270	170	2410	50	124	07
1976-08-01	803	925.7	775	1233.46	652	652.3	-1530	2040	130	380	45	86	08
1976-09-01	1081	2334.4	686	1488.38	-568	-567.4	-3170	1930	90	-1330	31	59	09
1976-10-01	1134	2359	697	1184.42	-528	-528	-2760	1810	70	-1020	22	48	10
1976-11-01	1213	3687.2	750	1419.96	-1724	-1724.2	-3170	1610	60	-1620	18	38	11
1976-12-01	1948	4060.9	642	1739.84	-1471	-1470.9	-3370	1700	50	-1720	15	31	12
1977-01-01	1786	3179.3	505	1402.97	-888	-888.3	-1840	1730	40	-150	13	29	01
1977-02-01	1407	1362.2	519	1635.42	564	563.8	-1360	1730	40	330	12	29	02
1977-03-01	3247	726.8	1126	2892.38	3647	3646.2	2450	1730	50	4130	20	34	03
1977-04-01	1653	503.6	2710	1773.13	3859	3859.4	1900	1760	60	3600	19	46	04
1977-05-01	1437	-38.6	1494	1774.48	2970	2969.6	1230	1730	190	2770	71	119	05
1977-06-01	2692	-150.1	1032	3525.36	3874	3874.1	1900	1760	210	3450	54	153	06
1977-07-01	2944	-15.9	918	2620.19	3878	3877.9	2760	1530	220	4070	71	152	07
1977-08-01	4062	960.3	784	4172.44	3886	3885.7	2150	1700	200	3650	43	158	08
1977-09-01	4670	1292.6	2502	4111.65	5880	5879.4	5070	1870	220	6720	52	165	09
1977-10-01	1828	2802.6	2354	1956.86	1379	1379.4	-1230	2780	220	1330	54	167	10
1977-11-01	2288	3438.3	2006	2592.55	856	855.7	-1270	3140	170	1700	46	122	11
1977-12-01	2343	4514.5	1465	2122.39	-707	-706.5	-1840	2550	160	550	48	115	12
1978-01-01	1640	3997.1	1194	1063.03	-1163	-1163.1	-3060	2210	150	-1000	56	94	01
1978-02-01	816	1123.3	1076	656.34	769	768.7	-2720	2180	130	-670	49	77	02
1978-03-01	833	703.2	993	889.23	1122	1122.8	-1230	2150	100	820	35	65	03
1978-04-01	1198	846	2190	1090.23	2541	2542	320	2150	90	2380	26	61	04
1978-05-01	2578	84	2418	2838.74	4911	4912	2760	2320	130	4950	18	115	05
1978-06-01	2134	-88.1	2043	2595.4	4265	4265.1	2220	2410	350	4280	76	275	06
1978-07-01	3437	-158.2	1554	3564.29	5149	5149.2	2150	2440	310	4280	52	260	07
1978-08-01	3135	75.1	1315	3445.05	4375	4374.9	2150	2630	230	4550	39	189	08
1978-09-01	2449	1180.2	1202	2264.4	2470	2470.8	-630	2750	200	1920	24	175	09
1978-10-01	1240	2719.5	1071	1490.33	-409	-408.5	-3370	2800	160	-730	16	142	10
1978-11-01	2750	3788.6	996	1881.78	-42	-42.5999999999999	-2850	2750	120	-220	9	107	11
1978-12-01	2261	3423.6	1012	1636.85	-150	-150.6	-2760	2100	120	-780	36	80	12
1979-01-01	1978	2825.3	975	1107.17	127	127.7	-2450	1900	90	-640	31	60	01
1979-02-01	1738	407.2	982	1568.22	2312	2312.8	-680	1900	80	1140	26	50	02
1979-03-01	3338	493.5	1202	2971.16	4047	4046.5	2450	1900	70	4280	20	48	03
1979-04-01	1159	427.3	3729	1490.6	4461	4460.7	3800	1900	80	5620	22	53	04
1979-05-01	3070	74.8	4946	2736.05	7941	7941.2	5520	2320	180	7660	70	115	05
1979-06-01	3310	-112.8	2762	3288.75	6184	6184.8	3800	2750	240	6310	60	184	06
1979-07-01	2308	-148.7	1456	2350.14	3913	3912.7	310	3170	170	3310	36	136	07
1979-08-01	2289	99.3	1110	2783.26	3300	3299.7	-1230	3230	160	1840	27	131	08
1979-09-01	2316	1019.9	1203	2200.74	2499	2499.1	-1270	3200	160	1770	26	136	09
1979-10-01	3698	2192.6	1727	3535.17	3232	3232.4	-310	2750	150	2290	9	143	10
1979-11-01	1664	3083.2	1927	1781.05	507	507.8	-950	2610	150	1510	19	134	11
1979-12-01	1212	3565.2	1311	1337.07	-1043	-1042.2	-3370	2290	170	-1250	45	124	12
1980-01-01	3295	3245.8	1226	2352.28	1276	1275.2	-1230	2120	140	750	47	97	01
1980-02-01	1130	1189.1	1190	733.97	1131	1130.9	-2290	2120	110	-280	34	78	02
1980-03-01	848	671.3	1199	1100.74	1376	1375.7	-1840	2100	90	170	30	63	03
1980-04-01	1454	366.2	2615	1150.73	3703	3702.8	2220	2150	90	4280	28	64	04
1980-05-01	1122	38.6	2145	1231.93	3229	3228.4	920	2410	170	3160	51	121	05
1980-06-01	2346	-65.9	1354	2095.26	3766	3765.9	950	2270	160	3060	42	123	06
1980-07-01	2274	-117.1	1025	2732.38	3417	3416.1	920	2180	120	2980	38	80	07
1980-08-01	2948	4	1094	3245.19	4037	4038	1530	2100	80	3550	28	54	08
1980-09-01	4360	1657.2	1644	4388.8	4347	4346.8	1270	2040	60	3250	15	44	09
1980-10-01	2005	2914.1	1718	2081.93	809	808.9	-1530	2320	80	710	24	51	10
1980-11-01	1097	3155.7	1298	1132.36	-761	-760.7	-2850	2350	110	-610	42	72	11
1980-12-01	1971	4505.6	1053	1801.76	-1481	-1481.6	-3370	1900	130	-1600	51	75	12
1981-01-01	1336	2535.9	950	890.46	-251	-249.9	-2450	1900	110	-660	42	68	01
1981-02-01	2772	1009.6	1120	2134.29	2882	2882.4	680	1900	100	2480	36	62	02
1981-03-01	1339	833.8	1377	1172.46	1883	1882.2	0	1900	90	1810	38	56	03
1981-04-01	2317	693	3241	2107.61	4864	4865	3800	2120	90	5830	34	54	04
1981-05-01	1404	167.4	2379	1821.99	3615	3615.6	920	2490	120	3290	39	83	05
1981-06-01	4478	-127.3	2249	4290.93	6855	6854.3	4120	2720	160	6680	34	124	06
1981-07-01	1031	-132.1	1382	1304.58	2545	2545.1	-1230	2920	150	1540	40	113	07
1981-08-01	1635	-19.3	984	1549.8	2638	2638.3	-920	2750	90	1740	28	63	08
1981-09-01	1553	1488.1	817	1711.05	882	881.9	-2530	2290	70	-310	10	56	09
1981-10-01	2944	2166.8	1004	2866.02	1781	1781.2	-310	1360	50	1000	4	42	10
1981-11-01	940	2769.3	732	948.33	-1098	-1097.3	-1580	1250	40	-370	13	29	11
1981-12-01	2506	3264.2	657	1836.4	-101	-101.2	-1840	1300	30	-570	10	24	12
1982-01-01	3710	3005.2	639	1982.31	1343	1343.8	-2150	1270	70	-950	44	22	01
1982-02-01	979	585.7	602	888.47	995	995.3	-1700	1270	60	-490	38	20	02
1982-03-01	1197	394.8	646	1244.8	1448	1448.2	0	1270	40	1230	21	23	03
1982-04-01	2062	533.7	2662	1583.4	4191	4190.3	3480	1300	50	4730	16	30	04
1982-05-01	2352	-22.1	3581	2412.36	5955	5955.1	4600	1730	120	6210	47	74	05
1982-06-01	1443	-15.8	1205	2006.26	2664	2663.8	630	2100	220	2510	60	162	06
1982-07-01	4141	-132.1	1661	4460.88	5934	5934.1	3980	2210	220	5970	68	148	07
1982-08-01	2819	237.6	1008	2493.28	3589	3589.4	610	2380	130	2860	27	107	08
1982-09-01	3070	1139	1059	3602.33	2990	2990	630	2410	130	2910	34	94	09
1982-10-01	3684	1615.7	2496	3770.27	4564	4564.3	2450	2520	170	4800	66	102	10
1982-11-01	2215	2968.2	2500	2230.83	1747	1746.8	-950	2830	170	1710	48	123	11
1982-12-01	2252	2914.8	1778	2188.6	1116	1115.2	-920	2800	180	1700	55	128	12
1983-01-01	1512	2610.4	1317	1444.66	219	218.6	-2450	2290	150	-310	49	105	01
1983-02-01	910	1861.8	1141	1002.49	189	189.2	-2040	2320	140	140	54	84	02
1983-03-01	1693	1995.5	1566	1117.9	1263	1263.5	-610	2460	110	1740	44	70	03
1983-04-01	1424	962.3	2432	1490.91	2893	2893.7	1900	2440	90	4250	33	60	04
1983-05-01	2517	377	3086	2067.83	5226	5226	2150	2920	130	4940	40	88	05
1983-06-01	1816	-51.3	2192	1983.77	4059	4059.3	950	2940	180	3710	68	111	06
1983-07-01	1914	-91	1319	2805.33	3324	3324	610	2920	240	3290	46	189	07
1983-08-01	2358	79.4	849	2269.52	3128	3127.6	-310	3000	240	2450	29	211	08
1983-09-01	3764	1658.2	910	4078.39	3016	3015.8	-950	2380	160	1270	20	138	09
1983-10-01	3343	2397	1982	3110.94	2928	2928	1530	1700	120	3110	23	95	10
1983-11-01	2848	3650.2	1727	2733.18	925	924.8	0	2410	130	2280	51	82	11
1983-12-01	3060	4561.4	1386	2269.52	-116	-115.4	-3370	2380	120	-1110	48	76	12
1984-01-01	1937	2592.6	1127	1530.79	471	471.4	-2760	2290	130	-600	54	73	01
1984-02-01	1083	1126.2	1208	847.34	1165	1164.8	-330	2150	120	1700	57	65	02
1984-03-01	1685	1460	1099	993.76	1324	1324	-1230	2290	100	960	42	57	03
1984-04-01	1411	364.9	3050	1371.18	4096	4096.1	2530	2290	90	4730	23	64	04
1984-05-01	1633	152.3	2709	1887.9	4190	4189.7	920	2800	260	3460	91	173	05
1984-06-01	3883	-115.9	2517	4286.49	6515	6515.9	4430	2830	300	6960	69	232	06
1984-07-01	1930	-107.9	1638	2669.54	3676	3675.9	310	3030	280	3060	72	204	07
1984-08-01	2438	59.2	1166	2450.98	3545	3544.8	310	3110	200	3220	52	147	08
1984-09-01	3042	1521.3	1093	3078.75	2614	2613.7	-1270	2920	160	1490	53	104	09
1984-10-01	2189	1654.3	1310	2468.15	1845	1844.7	-310	2100	120	1670	42	79	10
1984-11-01	1326	3395.2	1513	1430.1	-556	-556.2	-1270	1610	100	240	27	73	11
1984-12-01	2536	3466.8	1404	2848.55	473	473.2	-1230	1930	120	580	39	82	12
1985-01-01	1765	2816.1	1087	1285.26	36	35.9000000000001	-2450	1980	120	-590	29	88	01
1985-02-01	1901	1265.2	1032	1355.78	1668	1667.8	-1020	1980	100	860	23	74	02
1985-03-01	1700	1075.3	1205	1261.66	1830	1829.7	0	2010	90	1920	28	61	03
1985-04-01	1558	825.8	3126	1667.66	3858	3858.2	3170	1980	90	5060	31	60	04
1985-05-01	3037	0.9	2692	3080.28	5728	5728.1	3680	1980	270	5390	41	229	05
1985-06-01	2118	-49.4	1932	2582.73	4100	4099.4	1900	1930	390	3440	66	325	06
1985-07-01	2935	-69.6	1448	3252.55	4452	4452.6	2450	1900	250	4100	42	210	07
1985-08-01	2743	314.8	1584	3238.76	4012	4012.2	1530	2320	170	3680	75	96	08
1985-09-01	4473	1407	1769	5007.4	4835	4835	1270	2890	80	4080	62	21	09
1985-10-01	2422	2012.3	2901	2227.53	3311	3310.7	0	3450	110	3340	92	21	10
1985-11-01	4088	3627	2314	3353.68	2775	2775	0	3740	100	3640	83	20	11
1985-12-01	2554	4363.1	1500	1864.6	-309	-309.1	-3370	2920	100	-550	57	44	12
1986-01-01	1609	2779	1215	1277.6	45	45	-2760	2410	120	-470	54	65	01
1986-02-01	1070	1069.3	1128	1264.15	1128	1128.7	-1700	2440	110	630	55	57	02
1986-03-01	1772	692.1	1285	1334.31	2365	2364.9	0	2410	90	2320	39	51	03
1986-04-01	1307	447.9	3985	2047.12	4844	4844.1	3800	2290	70	6020	20	53	04
1986-05-01	1091	112.5	2863	1504.74	3842	3841.5	0	3000	230	2770	72	162	05
1986-06-01	2982	-56.4	1530	3676.13	4569	4568.4	1580	3230	310	4500	49	258	06
1986-07-01	3039	-135.5	1409	2855.29	4583	4583.5	1230	3140	120	4250	52	64	07
1986-08-01	2593	286.9	1180	3224.04	3486	3486.1	-310	3230	200	2720	42	161	08
1986-09-01	2784	950.2	1467	3221.92	3301	3300.8	-320	3060	110	2630	24	85	09
1986-10-01	2307	2033.8	1468	2144.46	1742	1741.2	-1230	2440	110	1100	23	88	10
1986-11-01	1892	3721.4	1488	2078.16	-341	-341.4	-1580	1640	120	-60	24	92	11
1986-12-01	1067	2931.9	1147	1074.99	-718	-717.9	-3060	1980	120	-1200	36	88	12
1987-01-01	925	2668.6	961	1028.4	-782	-782.6	-2760	2010	110	-860	40	68	01
1987-02-01	576	1847.2	919	714.71	-352	-352.2	-2040	1980	90	-150	38	53	02
1987-03-01	757	1629.8	1160	708.69	287	287.2	-1230	2010	70	710	27	46	03
1987-04-01	580	582.2	1556	587.88	1554	1553.8	-320	2010	60	1630	13	51	04
1987-05-01	2581	155.4	1272	2394.58	3697	3697.6	1230	2410	70	3570	0	73	05
1987-06-01	1343	-72.5	785	1490.91	2201	2200.5	0	2180	90	2090	10	81	06
1987-07-01	3585	-71.1	829	3664.22	4485	4485.1	2450	1590	90	3950	13	79	07
1987-08-01	3059	717.9	816	3246.42	3158	3157.1	310	1560	80	1790	5	80	08
1987-09-01	2412	1158	790	2374.31	2044	2044	-1270	1560	110	180	36	71	09
1987-10-01	2413	3196.5	972	2306.61	189	188.5	-2450	1670	70	-850	20	51	10
1987-11-01	1907	3106	1036	1654.04	-163	-163	-950	1560	60	550	21	40	11
1987-12-01	1573	3223.4	932	1617.23	-719	-718.4	-1840	1560	70	-350	36	38	12
1988-01-01	2288	3898.4	868	1783.98	-743	-742.4	-2450	1780	70	-740	38	36	01
1988-02-01	1413	2355.6	815	1227.44	-128	-127.6	-2950	1780	70	-1240	33	36	02
1988-03-01	1716	1189.9	856	1983.53	1382	1382.1	0	1780	60	1720	25	36	03
1988-04-01	665	639.8	2577	760.5	2603	2602.2	1270	1780	50	3000	14	39	04
1988-05-01	1723	85.8	2192	2172.96	3830	3829.2	1530	1980	120	3390	57	62	05
1988-06-01	1452	-56.1	1040	2335.35	2547	2548.1	630	1930	180	2380	57	119	06
1988-07-01	1481	-83.1	598	2398.26	2162	2162.1	310	1590	210	1690	50	156	07
1988-08-01	5664	356.8	1259	5678.09	6566	6566.2	4290	1590	200	5680	54	141	08
1988-09-01	2344	1391.5	1370	2925.76	2322	2322.5	0	1980	210	1770	60	150	09
1988-10-01	2666	3031.5	1729	2488.07	1364	1363.5	-920	1900	230	750	95	138	10
1988-11-01	3671	2842.5	2394	3264.05	3223	3222.5	3480	1590	300	4770	73	223	11
1988-12-01	2176	3609	1595	2217.41	162	162	-2450	2270	240	-420	59	183	12
1989-01-01	2134	2327.8	1348	1874.1	1154	1154.2	-1530	2240	180	530	46	134	01
1989-02-01	1643	2877.5	1297	1502.72	62	62.5	-2720	2270	150	-600	51	101	02
1989-03-01	1162	1465.2	1197	1360.36	894	893.8	-610	2180	120	1450	38	77	03
1989-04-01	1091	781.7	2786	1208.69	3095	3095.3	1900	2210	100	4010	30	65	04
1989-05-01	1921	153	3945	2027.67	5712	5713	3370	2630	210	5790	69	145	05
1989-06-01	3416	-71.3	2426	2851.01	5913	5913.3	2850	2660	280	5230	48	236	06
1989-07-01	744	-103	1282	1181.66	2128	2129	-610	2660	180	1870	38	146	07
1989-08-01	2152	100.2	862	2979.44	2914	2913.8	0	2610	140	2470	24	117	08
1989-09-01	1574	1497.2	900	1795.62	976	976.8	-2530	2410	120	-240	21	94	09
1989-10-01	1737	2345.5	799	1819.85	190	190.5	-920	2040	90	1030	13	77	10
1989-11-01	2188	4488.9	1033	2083.22	-1269	-1267.9	-2850	1900	70	-1020	9	62	11
1989-12-01	2083	4182.2	835	1701.22	-1264	-1264.2	-2760	1900	70	-930	22	52	12
1990-01-01	1378	2504.3	752	1691.41	-374	-374.3	-1840	1900	60	0	20	38	01
1990-02-01	1103	1715.2	792	1208.15	179	179.8	-2720	1900	60	-880	20	36	02
1990-03-01	1150	979	1303	1223.65	1474	1474	-310	1900	70	1520	26	41	03
1990-04-01	1788	782.4	1964	1971.1	2969	2969.6	1900	1890	60	3730	17	41	04
1990-05-01	1791	198.9	2321	1793.49	3912	3913.1	1530	2040	160	3410	48	109	05
1990-06-01	3582	-54.2	1762	4065.72	5398	5398.2	4120	1600	310	5410	65	249	06
1990-07-01	1981	-73.9	1579	2450.98	3635	3633.9	1530	1860	330	3060	57	276	07
1990-08-01	1319	8	985	1890.04	2296	2296	-610	1830	230	990	32	198	08
1990-09-01	3049	938.2	1111	3056.89	3222	3221.8	630	1840	130	2340	20	107	09
1990-10-01	3284	1951.3	1599	3174.69	2931	2931.7	920	1670	90	2500	19	70	10
1990-11-01	1418	2980.2	1408	1490.28	-155	-154.2	-1270	1860	90	500	46	46	11
1990-12-01	1397	3644	1118	1603.13	-1128	-1129	-2760	1720	100	-1140	50	52	12
1991-01-01	1680	3011.9	997	1611.41	-335	-334.9	-2150	1570	80	-660	29	54	01
1991-02-01	726	924.1	991	721.84	793	792.9	-2040	1560	80	-560	31	53	02
1991-03-01	1818	766.6	1213	1718.69	2265	2264.4	1530	1560	80	3010	34	48	03
1991-04-01	2072	397.5	2952	2134.54	4626	4626.5	2530	1930	70	4390	26	45	04
1991-05-01	2510	96.6	2580	2809.31	4992	4993.4	2760	2140	190	4710	78	108	05
1991-06-01	2406	-99.1	1471	2695.49	3977	3976.1	1900	2150	240	3810	50	189	06
1991-07-01	3166	-114.9	1250	3279.83	4531	4530.9	1530	2180	190	3520	37	151	07
1991-08-01	1189	132.1	748	1469.18	1805	1804.9	-920	2480	140	1420	21	123	08
1991-09-01	3674	1969.5	952	3993.19	2657	2656.5	-630	1950	90	1230	9	80	09
1991-10-01	2914	2360.9	1372	2921.2	1926	1925.1	610	1930	70	2470	10	56	10
1991-11-01	3588	3928.9	2022	3301.74	1681	1681.1	1270	1980	100	3150	26	70	11
1991-12-01	1451	3275.2	1346	1360.36	-477	-478.2	-2450	2340	120	-230	36	85	12
1992-01-01	1378	2884.4	1121	1185.64	-385	-385.4	-2150	2270	120	0	41	84	01
1992-02-01	1187	1848	1024	1245.13	363	363	-2290	2270	120	-140	40	77	02
1992-03-01	657	1452.3	1219	686.31	424	423.7	-1230	2180	100	850	36	67	03
1992-04-01	1703	932.8	2357	1947.66	3127	3127.2	1270	2160	90	3340	28	58	04
1992-05-01	1887	147.1	3731	2159.17	5471	5470.9	3060	2280	230	5110	60	170	05
1992-06-01	1690	-26.3	1638	2060.42	3354	3354.3	630	2320	330	2620	51	277	06
1992-07-01	3571	-120.2	1595	3598.31	5287	5286.2	2450	2120	210	4360	38	175	07
1992-08-01	2584	44.1	1037	3288.41	3577	3576.9	610	2330	150	2790	44	109	08
1992-09-01	3596	1191	2188	4284.28	4593	4593	1900	2200	90	4010	84	4	09
1992-10-01	1757	1872.6	1973	1519.14	1857	1857.4	-610	2290	80	1600	76	0	10
1992-11-01	2077	2436.1	1792	1989.15	1433	1432.9	-1270	2230	100	860	46	50	11
1992-12-01	2412	2932.2	1333	2542.94	813	812.8	-610	2120	160	1350	45	115	12
1993-01-01	1523	2804.7	1204	1295.38	-78	-77.6999999999998	-2450	2260	140	-330	46	99	01
1993-02-01	487	2728.5	1068	341.4	-1174	-1173.5	-4070	2290	120	-1900	38	81	02
1993-03-01	554	1632.9	1120	594.05	41	41.0999999999999	-1230	2040	100	710	30	68	03
1993-04-01	2325	725.7	2382	2342.64	3981	3981.3	2850	2110	80	4880	25	54	04
1993-05-01	3136	21.2	3104	3064.04	6219	6218.8	4290	2190	120	6360	60	57	05
1993-06-01	2478	-59.9	2355	2765.49	4893	4892.9	1900	2430	130	4200	71	63	06
1993-07-01	3270	-106.4	2037	4251.52	5414	5413.4	2760	2230	130	4860	43	84	07
1993-08-01	2026	34.6	1437	2549.07	3428	3428.4	1230	2210	170	3270	54	120	08
1993-09-01	2437	1786.4	1509	3060.38	2159	2159.6	-1580	2110	340	190	54	281	09
1993-10-01	2249	2334.2	1707	2256.03	1622	1621.8	-920	2130	320	890	49	273	10
1993-11-01	1624	3093	1524	1566.61	55	55	-2530	2130	270	-670	40	231	11
1993-12-01	1225	2781.4	1186	1070.7	-370	-370.4	-1230	2050	190	630	34	158	12
1994-01-01	1810	3359.8	1086	1494.62	-464	-463.8	-3060	2120	150	-1090	43	103	01
1994-02-01	504	1320.8	1075	604.08	258	258.2	-1360	2150	120	670	38	77	02
1994-03-01	1220	744.2	1023	1021.65	1499	1498.8	-610	2130	90	1430	24	62	03
1994-04-01	2264	535.3	2284	2302.73	4012	4012.7	2850	2060	60	4850	4	52	04
1994-05-01	2303	59.2	2398	2271.67	4641	4641.8	2150	2390	100	4440	20	75	05
1994-06-01	2482	-79.5	1875	2814.9	4436	4436.5	1900	2340	120	4120	29	96	06
1994-07-01	2333	-99.6	1596	3484.28	4029	4028.6	1840	2200	200	3840	78	126	07
1994-08-01	3108	354.7	1291	3009.48	4044	4044.3	610	2210	230	2590	63	163	08
1994-09-01	2419	816.9	1229	2492.77	2831	2831.1	950	2140	160	2930	35	124	09
1994-10-01	1688	1652.5	1166	1871.04	1202	1201.5	-2150	2140	190	-200	47	146	10
1994-11-01	1883	2811.1	1195	2079.42	266	266.9	-2530	2170	200	-560	29	171	11
1994-12-01	433	2523	1133	630.52	-957	-957	-2450	2190	220	-480	28	190	12
1995-01-01	1272	3490.4	1027	1373.24	-1191	-1191.4	-3060	2170	190	-1080	38	155	01
1995-02-01	1734	3293.9	1002	1663.92	-558	-557.9	-2720	2040	160	-840	47	117	02
1995-03-01	1211	1472.6	1564	1001.73	1303	1302.4	0	1730	130	1600	34	94	03
1995-04-01	1543	1001.5	1761	1457.02	2303	2302.5	630	1820	110	2340	30	79	04
1995-05-01	2734	43.8	2386	2591.99	5076	5076.2	2450	1950	130	4270	25	102	05
1995-06-01	862	-93.4	1201	1388.29	2156	2156.4	630	1860	320	2170	80	244	06
1995-07-01	3336	-17.8	1440	3387.12	4794	4793.8	2450	1700	260	3890	73	186	07
1995-08-01	2623	289.7	962	2438.72	3296	3295.3	1230	1990	160	3060	21	143	08
1995-09-01	3660	1813.4	933	4146.81	2780	2779.6	0	1730	90	1640	23	67	09
1995-10-01	4235	2170.8	2349	4385.78	4413	4413.2	2450	1960	180	4230	86	91	10
1995-11-01	2083	4384.7	1895	2233.04	-407	-406.7	-2530	2260	140	-410	41	104	11
1995-12-01	2265	3762.9	1278	1856.63	-220	-219.9	-2150	2050	130	-230	37	96	12
1996-01-01	2899	3355.8	1209	3175	752	752.2	-920	2050	130	1000	45	83	01
1996-02-01	1636	1666.2	1261	1994.83	1231	1230.8	-660	2000	120	1220	45	70	02
1996-03-01	1018	1253.4	1236	892.91	1001	1000.6	-610	2010	70	1330	32	37	03
1996-04-01	2243	776.3	2671	2168.43	4137	4137.7	2850	1980	50	4780	18	33	04
1996-05-01	1402	170.4	5552	1581.98	6784	6783.6	4290	2280	90	6480	48	46	05
1996-06-01	3403	-102.3	2805	2701.19	6311	6310.3	3480	2460	360	5580	62	297	06
1996-07-01	3543	-155.1	2007	4238.95	5705	5705.1	3060	2600	230	5430	62	170	07
1996-08-01	2487	-10.1	1725	2423.09	4223	4222.1	1230	2680	190	3720	36	154	08
1996-09-01	2663	1078.8	1401	2840.88	2986	2985.2	-630	3160	200	2330	30	171	09
1996-10-01	2951	1963.3	1511	3464.36	2498	2498.7	-920	3570	170	2480	29	137	10
1996-11-01	2121	3275.8	2186	2184.9	1031	1031.2	-2850	3180	260	70	61	196	11
1996-12-01	2367	3095	1520	2363.01	792	792	-1530	2350	290	530	34	259	12
1997-01-01	3183	3119.2	1480	2647.16	1543	1543.8	-610	2260	220	1430	42	175	01
1997-02-01	688	2015.5	1375	724.21	47	47.5	-2380	2290	180	-270	45	131	02
1997-03-01	2004	1490.3	1382	1759.46	1896	1895.7	0	2300	130	2170	34	100	03
1997-04-01	863	739.6	3754	960.68	3877	3877.4	3170	2410	110	5470	27	85	04
1997-05-01	2133	161.8	3403	1978.32	5373	5374.2	1840	2960	230	4570	59	175	05
1997-06-01	2357	-113.4	1697	2849.43	4166	4167.4	950	3190	310	3830	33	280	06
1997-07-01	2105	-86.1	1674	2417.57	3865	3865.1	310	3260	180	3390	35	147	07
1997-08-01	1678	400.6	795	1649.11	2072	2072.4	-1840	2790	110	840	15	98	08
1997-09-01	1953	1090.5	724	2107.3	1587	1586.5	0	2050	80	1970	11	72	09
1997-10-01	2299	2113.2	823	2505.55	1009	1008.8	-1840	1920	60	20	8	54	10
1997-11-01	1866	2761.1	970	2128.52	74	74.9000000000001	-1900	1800	60	-160	7	49	11
1997-12-01	885	2487.8	761	884.63	-842	-841.8	-2760	1800	70	-1030	24	47	12
1998-01-01	1447	2882.6	734	1346.26	-702	-701.6	-2150	1820	80	-410	36	47	01
1998-02-01	613	1022.5	813	627.83	404	403.5	-1360	1800	80	360	37	43	02
1998-03-01	2137	1943.4	1220	1851.11	1414	1413.6	310	1980	50	2240	14	37	03
1998-04-01	805	463.7	2110	1002.49	2452	2451.3	320	1950	40	2230	0	37	04
1998-05-01	1589	113.1	908	1564.2	2384	2383.9	610	2030	60	2580	20	41	05
1998-06-01	2788	272.7	907	2475.35	3422	3422.3	2220	1800	30	3990	11	23	06
1998-07-01	1595	733.2	593	2155.49	1455	1454.8	-920	1800	40	840	10	28	07
1998-08-01	1932	774.3	444	2566.24	1602	1601.7	-1230	1590	40	320	9	29	08
1998-09-01	2430	1906.8	450	2858.61	974	973.2	-1900	1550	40	-390	8	31	09
1998-10-01	2506	2399.2	931	3468.34	1038	1037.8	-1840	1560	80	-360	32	50	10
1998-11-01	2634	3466.4	1088	2343.9	256	255.6	-630	1560	160	770	37	126	11
1998-12-01	1951	4614.4	1144	1596.39	-1519	-1519.4	-1840	1570	160	-430	36	122	12
1999-01-01	2363	4376.3	828	1555.62	-1185	-1185.3	-1840	1570	140	-410	44	97	01
1999-02-01	1810	2674.6	921	1888.25	56	56.4000000000001	-340	1570	100	1130	31	72	02
1999-03-01	715	1828.4	1060	973.53	-53	-53.4000000000001	-1230	1570	90	250	36	54	03
1999-04-01	1244	512.8	3131	1289.78	3863	3862.2	2850	1520	70	4300	15	56	04
1999-05-01	4221	75.7	2532	3621.61	6677	6677.3	4290	1550	180	5660	43	135	05
1999-06-01	2478	93.1	1903	3128.8	4288	4287.9	1900	2070	250	3720	70	176	06
1999-07-01	3849	115.3	2123	4161.71	5856	5856.7	3980	2180	200	5960	52	147	07
1999-08-01	2586	1196.1	1319	2830.46	2709	2708.9	-610	2490	190	1690	31	161	08
1999-09-01	3245	1752.9	1227	4035.32	2720	2719.1	-950	2450	210	1290	19	191	09
1999-10-01	2899	2920.3	1562	3065.26	1540	1540.7	-1840	2220	290	90	45	246	10
1999-11-01	1295	2891.9	1363	1109.24	-234	-233.9	-2530	2020	340	-850	49	288	11
1999-12-01	1294	4064.8	1183	1267.18	-1588	-1587.8	-2450	2040	180	-590	29	146	12
2000-01-01	1691	3849.7	1132	1370.48	-1027	-1026.7	-2150	1900	160	-410	50	105	01
2000-02-01	753	2209.8	1235	846.03	-222	-221.8	-2290	1780	140	-650	54	83	02
2000-03-01	1899	1210.5	2102	1757.01	2791	2790.5	1530	1720	110	3140	41	69	03
2000-04-01	1387	1080.4	2043	1489.96	2349	2349.6	320	1850	100	2070	25	73	04
2000-05-01	1863	35.3	2132	2491.45	3960	3959.7	1840	1870	220	3490	78	144	05
2000-06-01	3573	74.1	2045	4233.28	5543	5543.9	4430	1720	360	5790	93	264	06
2000-07-01	1474	320.3	1534	1786.44	2688	2687.7	0	2080	270	1810	48	218	07
2000-08-01	1580	534.3	1084	2923.65	2130	2129.7	-610	2180	250	1320	72	179	08
2000-09-01	1684	1989.8	946	1909.02	640	640.2	-2530	1930	140	-740	5	139	09
2000-10-01	1416	1812.2	988	1532.63	592	591.8	-1530	1560	130	-100	37	92	10
2000-11-01	2025	3045.5	1121	1804.81	100	100.5	-1580	1570	130	-140	18	116	11
2000-12-01	1497	5166.8	794	1566.35	-2876	-2875.8	-3060	1580	150	-1630	29	117	12
2001-01-01	1477	2882.6	737	1367.72	-669	-668.6	-1840	1600	110	-350	23	90	01
2001-02-01	2064	3128.6	795	2013.13	-270	-269.6	-1360	1570	100	110	26	70	02
2001-03-01	736	1604.1	930	786.85	62	61.9000000000001	-920	1540	90	530	31	55	03
2001-04-01	4732	294.3	5039	4705.86	9476	9476.7	9180	1540	70	10650	16	54	04
2001-05-01	2876	-52.4	3102	2679.35	6030	6030.4	3680	1980	220	5440	89	127	05
2001-06-01	2327	-142.2	1602	2444.95	4071	4071.2	1900	2120	320	3700	60	262	06
2001-07-01	1923	154.8	1052	2218.64	2821	2820.2	610	2290	280	2620	20	262	07
2001-08-01	2221	519.6	788	2475.81	2490	2489.4	310	2240	200	2350	9	192	08
2001-09-01	2050	1741.1	808	2072.77	1118	1116.9	-2530	2230	160	-460	12	151	09
2001-10-01	3371	2382.6	1208	3420.83	2197	2196.4	-920	1960	150	890	18	129	10
2001-11-01	2607	2050.6	1492	2434.81	2049	2048.4	630	1740	240	2130	51	188	11
2001-12-01	1646	3300.7	1828	1532.32	173	173.3	-610	1950	260	1080	62	199	12
2002-01-01	730	3478.2	1326	705.93	-1422	-1422.2	-3370	2020	190	-1540	50	137	01
2002-02-01	1525	3119.1	1150	1330.32	-443	-444.1	-1700	1900	140	60	45	99	02
2002-03-01	2127	2795.5	1211	1931.42	543	542.5	-920	1810	120	770	35	80	03
2002-04-01	2153	916.3	3748	1889.69	4984	4984.7	4120	1840	90	5870	15	73	04
2002-05-01	1933	431.3	2591	2016.94	4093	4092.7	1840	2050	270	3620	72	200	05
2002-06-01	2184	-90	1965	3237.76	4239	4239	2220	2150	420	3950	84	340	06
2002-07-01	2057	109.4	1324	2506.47	3271	3271.6	1530	2240	230	3540	59	171	07
2002-08-01	2378	786.2	1147	2620.49	2739	2738.8	-310	2270	210	1750	36	172	08
2002-09-01	3839	1509.6	1044	2823.14	3373	3373.4	950	2270	170	3050	7	165	09
2002-10-01	3554	3208.1	1939	3349.11	2284	2284.9	-610	2180	140	1430	30	105	10
2002-11-01	1256	3489.3	1212	1028.78	-1021	-1021.3	-2220	2220	100	-100	29	74	11
2002-12-01	910	4174	1031	915.29	-2233	-2233	-3370	2090	90	-1370	24	68	12
2003-01-01	1120	4381.2	969	696.73	-2292	-2292.2	-3680	1880	90	-1890	32	61	01
2003-02-01	1129	2366.8	871	781.23	-367	-366.8	-2040	1750	80	-370	29	52	02
2003-03-01	1447	812.6	1113	1224.27	1748	1747.4	610	1670	80	2200	28	48	03
2003-04-01	1939	862.2	2743	2003.4	3820	3819.8	2220	1780	80	3920	29	47	04
2003-05-01	2679	38.6	2688	2163.46	5328	5328.4	3370	1970	130	5210	55	78	05
2003-06-01	1338	-77.3	1064	1900.15	2479	2479.3	-320	2170	140	1710	40	99	06
2003-07-01	2955	-98.1	922	3267.88	3975	3975.1	1840	2020	140	3720	34	106	07
2003-08-01	1625	337.2	832	2331.13	2119	2119.8	-310	2100	140	1650	27	108	08
2003-09-01	3015	1491.5	831	2993.23	2355	2354.5	630	2000	170	2460	34	132	09
2003-10-01	1645	2124.5	1394	1585.05	914	914.5	-1230	2040	230	580	40	191	10
2003-11-01	2016	3083.5	1467	1916.93	399	399.5	-630	1740	240	870	39	196	11
2003-12-01	1289	2957.7	1244	1260.44	-425	-424.7	-2450	1780	180	-850	25	150	12
2004-01-01	1650	3893.2	1165	1147.63	-1079	-1078.2	-1840	1690	140	-290	33	112	01
2004-02-01	1012	1749.4	1099	989.22	362	361.6	-1310	1760	120	330	29	90	02
2004-03-01	1620	1324.2	1477	1545.81	1773	1772.8	920	1740	120	2540	47	73	03
2004-04-01	1540	654.7	3653	1648.65	4538	4538.3	3480	1840	100	5220	31	71	04
2004-05-01	2847	143.5	2746	2536.2	5449	5449.5	3680	2020	240	5460	76	166	05
2004-06-01	1781	-33.3	2087	2048.07	3901	3901.3	1900	2220	420	3700	71	351	06
2004-07-01	1957	89.8	1306	2131.89	3174	3173.2	920	2260	310	2870	54	256	07
2004-08-01	3092	1140.3	1190	3040.43	3142	3141.7	920	2280	230	2970	31	201	08
2004-09-01	1808	700	1601	2663.5	2709	2709	320	2330	380	2270	77	305	09
2004-10-01	3811	2092	1752	3757.09	3471	3471	2150	2260	380	4030	59	318	10
2004-11-01	1237	2764.9	1730	1043.35	202	202.1	-3170	2360	100	-910	83	19	11
2004-12-01	2270	4458.7	1306	1924.68	-883	-882.7	-1840	2250	70	340	49	23	12
2005-01-01	1804	3796	1306	1535.7	-687	-686	-2450	2080	100	-470	50	51	01
2005-02-01	1219	2104.8	1307	972.29	422	421.2	-680	2030	100	1250	45	59	02
2005-03-01	798	1826.3	1229	788.39	200	200.7	-1230	2020	100	690	26	72	03
2005-04-01	828	361.4	3297	901.14	3764	3763.6	1580	1990	120	3450	22	94	04
2005-05-01	2332	141.6	2018	2618.35	4208	4208.4	2150	2140	290	4000	78	213	05
2005-06-01	3192	-153.9	1617	2810.15	4963	4962.9	3170	2250	310	5110	51	261	06
2005-07-01	1062	241.5	1051	1464.89	1871	1871.5	-1230	2980	270	1480	13	253	07
2005-08-01	1288	763.3	749	1461.21	1274	1273.7	-1230	2530	180	1120	9	175	08
2005-09-01	3037	1415.8	654	2852.91	2275	2275.2	-1270	2170	120	780	6	113	09
2005-10-01	3999	1964.8	1520	3879.7	3554	3554.2	1230	1900	90	3040	8	83	10
2005-11-01	3172	3396.4	1584	3457.58	1359	1359.6	-630	2160	110	1420	24	82	11
2005-12-01	1942	3534.2	1422	1585.35	-170	-170.2	-2450	2110	130	-470	46	83	12
2006-01-01	1560	2590.1	990	1455.39	-41	-40.0999999999999	-1530	1970	130	310	55	78	01
2006-02-01	1303	3363.5	1061	1051.7	-1000	-999.5	-2380	1940	120	-560	49	66	02
2006-03-01	1167	1637.2	1166	1415.23	695	695.8	-610	1840	90	1140	38	56	03
2006-04-01	879	447.6	3485	931.23	3916	3916.4	1900	1890	130	3660	42	90	04
2006-05-01	2915	178.1	2507	2494.82	5244	5243.9	3370	1910	320	4960	82	242	05
2006-06-01	1147	304.7	1157	1268.56	1999	1999.3	320	2150	290	2180	42	252	06
2006-07-01	2167	499.6	773	2722.87	2440	2440.4	920	2140	180	2880	16	162	07
2006-08-01	938	1501.4	674	1268.41	111	110.6	-2760	2180	110	-690	7	103	08
2006-09-01	2115	2323.3	469	2574.49	260	260.7	-2530	1770	70	-830	3	64	09
2006-10-01	1920	3206.9	543	1829.04	-744	-743.9	-2450	1570	60	-940	3	58	10
2006-11-01	1252	2580.5	655	1081.68	-674	-673.5	-1900	1570	60	-390	3	56	11
2006-12-01	2100	2992.3	680	1758.54	-212	-212.3	-1840	1570	60	-330	12	50	12
2007-01-01	1252	4641.1	659	1100.74	-2730	-2730.1	-2450	1540	80	-990	38	42	01
2007-02-01	1083	4770.8	720	818.56	-2968	-2967.8	-3050	1360	70	-1760	39	34	02
2007-03-01	2150	1961.2	1293	1828.12	1482	1481.8	310	1280	60	1530	23	32	03
2007-04-01	1693	1280.9	1866	1659.1	2278	2278.1	1900	1390	40	3250	4	38	04
2007-05-01	1235	71.4	1234	2240.09	2398	2397.6	920	1490	70	2340	6	68	05
2007-06-01	2026	-110.9	1126	2593.82	3263	3262.9	2850	1510	260	4100	71	188	06
2007-07-01	1461	116.8	1331	2615.9	2675	2675.2	1230	1530	350	2410	83	268	07
2007-08-01	1089	898.1	955	1290.78	1146	1145.9	-610	1540	280	650	56	220	08
2007-09-01	4658	1548.2	1132	4873.1	4241	4241.8	1900	1560	230	3230	52	178	09
2007-10-01	4636	1894.3	3034	4275.12	5776	5775.7	4900	1560	190	6270	92	99	10
2007-11-01	1546	4399.9	1747	1428.83	-1107	-1106.9	-1900	1570	60	-390	60	3	11
2007-12-01	2033	4530.2	1336	1809.73	-1162	-1161.2	-1840	1650	170	-360	49	119	12
2008-01-01	1545	3867.4	1319	1235.91	-1004	-1003.4	-1230	1730	210	290	55	159	01
2008-02-01	923	2996.2	1301	772.96	-772	-772.2	-2290	1690	150	-750	49	105	02
2008-03-01	781	2025.2	1237	766.01	-7	-7.20000000000005	-920	1620	120	580	35	81	03
2008-04-01	2496	666.1	3713	2394.58	5543	5542.9	5070	1590	90	6570	16	75	04
2008-05-01	2138	130.3	3124	2784.48	5132	5131.7	3060	1710	250	4520	80	169	05
2008-06-01	3358	-178.3	2908	4340.97	6444	6444.3	4430	2070	190	6310	94	95	06
2008-07-01	2179	-131.8	2327	2931.92	4637	4637.8	2450	2230	80	4600	73	5	07
2008-08-01	1078	352.8	1271	1315.61	1996	1996.2	-1530	2440	50	860	48	6	08
2008-09-01	2318	1177.7	1106	2838.02	2246	2246.3	-630	2240	100	1510	30	72	09
2008-10-01	1420	2456.5	1217	1594.55	180	180.5	-2760	2040	190	-910	20	167	10
2008-11-01	2207	3406.6	1352	1945.76	153	152.4	-1270	1680	210	200	31	175	11
2008-12-01	2608	5400.7	1054	1966.06	-1739	-1738.7	-2450	1740	180	-890	31	151	12
2009-01-01	1511	3803.7	1073	893.52	-1220	-1219.7	-1530	1570	160	-120	46	116	01
2009-02-01	1352	2029.4	1121	976.02	443	443.6	-340	1550	130	1080	40	89	02
2009-03-01	1190	1299.7	1361	1359.75	1252	1251.3	0	1560	100	1460	31	70	03
2009-04-01	2141	501.4	2618	1839.65	4258	4257.6	3170	1590	90	4670	19	68	04
2009-05-01	1698	117.1	2704	1952.57	4285	4284.9	2450	1920	280	4090	73	207	05
2009-06-01	1978	-127.3	1596	2044.9	3701	3701.3	1900	2120	350	3670	66	283	06
2009-07-01	2320	-136.1	1161	2325.31	3617	3617.1	310	1930	260	1980	27	230	07
2009-08-01	3379	268.2	1422	3346.04	4532	4532.8	2760	1810	140	4430	26	117	08
2009-09-01	874	831.8	1151	1295.48	1194	1193.2	-950	2110	40	1120	13	32	09
2009-10-01	3104	2615.6	1157	2697.12	1646	1645.4	-1230	1800	70	500	19	47	10
2009-11-01	1208	1522.9	1414	1311	1098	1099.1	-950	1780	180	650	10	172	11
2009-12-01	2262	4752.7	1089	1602.83	-1402	-1401.7	-1840	1780	200	-260	43	154	12
2010-01-01	1224	3174.1	1047	786.24	-903	-903.1	-3060	2000	160	-1220	44	114	01
2010-02-01	655	2493.7	1016	378.06	-822	-822.7	-2720	1750	120	-1090	35	85	02
2010-03-01	272	826.7	1658	311.12	1103	1103.3	-610	1550	100	840	28	74	03
2010-04-01	699	382.6	1008	663.9	1324	1324.4	-630	1690	90	970	20	71	04
2010-05-01	1258	91	929	1452.93	2096	2096	610	1550	70	2090	2	67	05
2010-06-01	3322	78.2	818	3449.34	4062	4061.8	3170	1550	90	4630	2	91	06
2010-07-01	2065	128.7	653	2686.4	2589	2589.3	0	1550	110	1440	6	108	07
2010-08-01	2220	915.9	704	2489.91	2009	2008.1	920	1550	140	2330	13	131	08
2010-09-01	4080	2139.9	993	4404.32	2933	2933.1	950	1540	150	2340	35	118	09
2010-10-01	1576	2270.4	1286	1641.75	591	591.6	-2450	1550	140	-1040	35	102	10
2010-11-01	2384	3173.8	1255	2221.96	465	465.2	-1270	1560	170	120	39	135	11
2010-12-01	1380	4295	1115	1154.99	-1800	-1800	-3060	1570	140	-1630	30	111	12
