04109000
04109500
04110000
04111000	04109000	04109500	04110000
04111379
04111500
04112000
04112500	04111379	04111500	04112000
04112904
04113000	04109000	04109500	04110000	04111000	04111379	04111500	04112000	04112500	04112904
04113097
04114000	04109000	04109500	04110000	04111000	04111379	04111500	04112000	04112500	04112904	04113000	04113097
04114498
04115000
04115265
04116000	04109000	04109500	04110000	04111000	04111379	04111500	04112000	04112500	04112904	04113000	04113097	04114000	04114498	04115000	04115265
04116500
04117000
04117500	04117000
04118000	04117000	04117500
04118500